40
780
7
8750
1 2 611
1 3 601
1 4 891
1 5 686
1 6 758
1 7 807
1 8 575
1 9 639
1 10 659
1 11 954
1 12 901
1 13 804
1 14 787
1 15 901
1 16 966
1 17 825
1 18 951
1 19 761
1 20 717
1 21 794
1 22 627
1 23 783
1 24 771
1 25 872
1 26 742
1 27 646
1 28 594
1 29 705
1 30 988
1 31 836
1 32 530
1 33 648
1 34 621
1 35 993
1 36 985
1 37 534
1 38 844
1 39 562
1 40 680
40 2 803
40 3 531
40 4 972
40 5 643
40 6 989
40 7 750
40 8 871
40 9 619
40 10 531
40 11 631
40 12 694
40 13 655
40 14 518
40 15 949
40 16 513
40 17 667
40 18 896
40 19 607
40 20 785
40 21 546
40 22 885
40 23 719
40 24 774
40 25 870
40 26 609
40 27 833
40 28 693
40 29 834
40 30 916
40 31 901
40 32 726
40 33 649
40 34 728
40 35 715
40 36 864
40 37 532
40 38 938
40 39 959
39 2 690
39 3 760
39 4 966
39 5 757
39 6 596
39 7 738
39 8 993
39 9 570
39 10 923
39 11 886
39 12 565
39 13 783
39 14 673
39 15 528
39 16 513
39 17 831
39 18 710
39 19 527
39 20 609
39 21 710
39 22 750
39 23 744
39 24 819
39 25 907
39 26 503
39 27 942
39 28 845
39 29 847
39 30 979
39 31 566
39 32 694
39 33 514
39 34 726
39 35 999
39 36 816
39 37 697
39 38 604
38 2 835
38 3 559
38 4 829
38 5 997
38 6 657
38 7 847
38 8 849
38 9 507
38 10 865
38 11 779
38 12 898
38 13 892
38 14 789
38 15 935
38 16 751
38 17 908
38 18 646
38 19 701
38 20 959
38 21 862
38 22 671
38 23 832
38 24 521
38 25 632
38 26 937
38 27 519
38 28 858
38 29 917
38 30 581
38 31 683
38 32 797
38 33 512
38 34 756
38 35 906
38 36 995
38 37 885
37 2 650
37 3 649
37 4 751
37 5 675
37 6 535
37 7 534
37 8 887
37 9 873
37 10 934
37 11 860
37 12 736
37 13 876
37 14 579
37 15 518
37 16 987
37 17 544
37 18 592
37 19 884
37 20 536
37 21 749
37 22 754
37 23 659
37 24 848
37 25 505
37 26 894
37 27 879
37 28 802
37 29 782
37 30 566
37 31 635
37 32 932
37 33 652
37 34 873
37 35 844
37 36 997
36 2 568
36 3 702
36 4 831
36 5 946
36 6 818
36 7 892
36 8 831
36 9 667
36 10 906
36 11 962
36 12 727
36 13 903
36 14 883
36 15 885
36 16 737
36 17 653
36 18 825
36 19 699
36 20 640
36 21 635
36 22 706
36 23 523
36 24 576
36 25 839
36 26 829
36 27 946
36 28 563
36 29 585
36 30 828
36 31 986
36 32 779
36 33 908
36 34 729
36 35 814
35 2 954
35 3 736
35 4 862
35 5 932
35 6 572
35 7 558
35 8 669
35 9 922
35 10 829
35 11 586
35 12 670
35 13 756
35 14 821
35 15 787
35 16 1000
35 17 833
35 18 812
35 19 787
35 20 811
35 21 666
35 22 545
35 23 843
35 24 918
35 25 790
35 26 587
35 27 948
35 28 603
35 29 760
35 30 772
35 31 558
35 32 531
35 33 621
35 34 815
34 2 807
34 3 590
34 4 682
34 5 828
34 6 942
34 7 982
34 8 966
34 9 784
34 10 831
34 11 779
34 12 718
34 13 782
34 14 544
34 15 536
34 16 554
34 17 602
34 18 992
34 19 504
34 20 625
34 21 887
34 22 979
34 23 938
34 24 597
34 25 863
34 26 698
34 27 544
34 28 766
34 29 931
34 30 771
34 31 875
34 32 954
34 33 629
33 2 815
33 3 615
33 4 680
33 5 721
33 6 590
33 7 884
33 8 856
33 9 644
33 10 948
33 11 792
33 12 730
33 13 586
33 14 845
33 15 533
33 16 500
33 17 865
33 18 623
33 19 935
33 20 752
33 21 811
33 22 632
33 23 612
33 24 569
33 25 864
33 26 565
33 27 641
33 28 811
33 29 992
33 30 683
33 31 503
33 32 754
32 2 945
32 3 561
32 4 923
32 5 618
32 6 864
32 7 848
32 8 950
32 9 853
32 10 615
32 11 822
32 12 646
32 13 990
32 14 649
32 15 876
32 16 1000
32 17 639
32 18 876
32 19 515
32 20 996
32 21 546
32 22 714
32 23 716
32 24 603
32 25 859
32 26 602
32 27 953
32 28 516
32 29 933
32 30 506
32 31 897
31 2 789
31 3 805
31 4 588
31 5 799
31 6 781
31 7 640
31 8 687
31 9 643
31 10 646
31 11 836
31 12 991
31 13 566
31 14 580
31 15 728
31 16 717
31 17 578
31 18 537
31 19 613
31 20 912
31 21 864
31 22 561
31 23 793
31 24 722
31 25 667
31 26 846
31 27 581
31 28 784
31 29 711
31 30 973
30 2 610
30 3 526
30 4 577
30 5 701
30 6 691
30 7 750
30 8 882
30 9 713
30 10 578
30 11 525
30 12 704
30 13 817
30 14 963
30 15 993
30 16 617
30 17 932
30 18 941
30 19 590
30 20 782
30 21 594
30 22 503
30 23 794
30 24 529
30 25 853
30 26 962
30 27 685
30 28 922
30 29 537
29 2 923
29 3 629
29 4 917
29 5 675
29 6 989
29 7 601
29 8 549
29 9 597
29 10 692
29 11 906
29 12 587
29 13 975
29 14 654
29 15 712
29 16 984
29 17 999
29 18 521
29 19 773
29 20 627
29 21 641
29 22 993
29 23 626
29 24 786
29 25 896
29 26 920
29 27 713
29 28 840
28 2 535
28 3 788
28 4 840
28 5 906
28 6 542
28 7 567
28 8 583
28 9 770
28 10 590
28 11 661
28 12 983
28 13 627
28 14 922
28 15 900
28 16 893
28 17 509
28 18 828
28 19 801
28 20 793
28 21 967
28 22 762
28 23 887
28 24 677
28 25 681
28 26 971
28 27 912
27 2 750
27 3 599
27 4 627
27 5 808
27 6 657
27 7 623
27 8 778
27 9 908
27 10 733
27 11 786
27 12 862
27 13 540
27 14 760
27 15 952
27 16 892
27 17 503
27 18 655
27 19 629
27 20 833
27 21 723
27 22 648
27 23 500
27 24 892
27 25 702
27 26 864
26 2 927
26 3 603
26 4 785
26 5 892
26 6 510
26 7 947
26 8 784
26 9 506
26 10 926
26 11 906
26 12 926
26 13 888
26 14 847
26 15 512
26 16 949
26 17 527
26 18 799
26 19 567
26 20 554
26 21 960
26 22 897
26 23 702
26 24 855
26 25 613
25 2 981
25 3 827
25 4 611
25 5 712
25 6 789
25 7 948
25 8 870
25 9 863
25 10 823
25 11 860
25 12 833
25 13 844
25 14 666
25 15 811
25 16 579
25 17 588
25 18 604
25 19 613
25 20 648
25 21 728
25 22 591
25 23 971
25 24 505
24 2 811
24 3 741
24 4 890
24 5 677
24 6 634
24 7 700
24 8 890
24 9 554
24 10 930
24 11 895
24 12 974
24 13 701
24 14 982
24 15 646
24 16 935
24 17 509
24 18 829
24 19 631
24 20 841
24 21 671
24 22 765
24 23 718
23 2 889
23 3 832
23 4 816
23 5 550
23 6 628
23 7 742
23 8 947
23 9 554
23 10 811
23 11 959
23 12 505
23 13 841
23 14 616
23 15 522
23 16 939
23 17 829
23 18 994
23 19 972
23 20 851
23 21 576
23 22 814
22 2 974
22 3 785
22 4 541
22 5 785
22 6 666
22 7 981
22 8 691
22 9 871
22 10 743
22 11 543
22 12 905
22 13 638
22 14 941
22 15 855
22 16 548
22 17 998
22 18 970
22 19 692
22 20 687
22 21 843
21 2 706
21 3 966
21 4 664
21 5 916
21 6 949
21 7 533
21 8 774
21 9 828
21 10 659
21 11 652
21 12 665
21 13 814
21 14 866
21 15 722
21 16 576
21 17 640
21 18 806
21 19 921
21 20 771
20 2 587
20 3 895
20 4 652
20 5 622
20 6 622
20 7 516
20 8 570
20 9 676
20 10 723
20 11 823
20 12 643
20 13 562
20 14 685
20 15 952
20 16 694
20 17 638
20 18 600
20 19 662
19 2 792
19 3 577
19 4 859
19 5 983
19 6 602
19 7 867
19 8 647
19 9 805
19 10 782
19 11 522
19 12 621
19 13 862
19 14 689
19 15 935
19 16 644
19 17 807
19 18 662
18 2 678
18 3 759
18 4 750
18 5 843
18 6 941
18 7 795
18 8 962
18 9 549
18 10 521
18 11 585
18 12 772
18 13 641
18 14 642
18 15 593
18 16 623
18 17 610
17 2 845
17 3 541
17 4 809
17 5 769
17 6 682
17 7 804
17 8 761
17 9 826
17 10 644
17 11 767
17 12 538
17 13 717
17 14 953
17 15 662
17 16 588
16 2 891
16 3 913
16 4 887
16 5 900
16 6 694
16 7 653
16 8 813
16 9 922
16 10 577
16 11 624
16 12 898
16 13 580
16 14 999
16 15 579
15 2 711
15 3 804
15 4 734
15 5 627
15 6 636
15 7 558
15 8 985
15 9 694
15 10 859
15 11 624
15 12 564
15 13 621
15 14 811
14 2 878
14 3 617
14 4 830
14 5 593
14 6 828
14 7 842
14 8 949
14 9 656
14 10 578
14 11 748
14 12 737
14 13 734
13 2 862
13 3 601
13 4 699
13 5 968
13 6 671
13 7 583
13 8 689
13 9 817
13 10 813
13 11 847
13 12 761
12 2 569
12 3 731
12 4 624
12 5 771
12 6 517
12 7 844
12 8 515
12 9 984
12 10 584
12 11 923
11 2 721
11 3 561
11 4 741
11 5 805
11 6 570
11 7 505
11 8 728
11 9 649
11 10 612
10 2 611
10 3 564
10 4 825
10 5 767
10 6 799
10 7 735
10 8 995
10 9 681
9 2 942
9 3 521
9 4 690
9 5 745
9 6 646
9 7 677
9 8 947
8 2 823
8 3 976
8 4 992
8 5 789
8 6 590
8 7 989
7 2 673
7 3 837
7 4 849
7 5 554
7 6 724
6 2 987
6 3 595
6 4 547
6 5 952
5 2 728
5 3 542
5 4 872
4 2 828
4 3 572
3 2 676
3
24
31
9
3
23
33
30
3
10
3
12
3
34
13
16
3
8
28
5
3
22
25
26
3
1
7
4
