20
190
3
1093
1 2 127
1 3 125
1 4 197
1 5 146
1 6 164
1 7 184
1 8 172
1 9 144
1 10 145
1 11 128
1 12 176
1 13 171
1 14 200
1 15 197
1 16 177
1 17 185
1 18 191
1 19 104
1 20 139
20 2 138
20 3 141
20 4 178
20 5 191
20 6 155
20 7 119
20 8 135
20 9 176
20 10 167
20 11 131
20 12 171
20 13 110
20 14 171
20 15 141
20 16 147
20 17 192
20 18 160
20 19 110
19 2 117
19 3 144
19 4 155
19 5 180
19 6 135
19 7 115
19 8 146
19 9 148
19 10 134
19 11 125
19 12 140
19 13 173
19 14 151
19 15 141
19 16 108
19 17 168
19 18 182
18 2 136
18 3 176
18 4 170
18 5 105
18 6 130
18 7 190
18 8 147
18 9 136
18 10 176
18 11 140
18 12 154
18 13 121
18 14 198
18 15 138
18 16 130
18 17 130
17 2 173
17 3 112
17 4 105
17 5 121
17 6 168
17 7 135
17 8 135
17 9 123
17 10 130
17 11 127
17 12 165
17 13 173
17 14 119
17 15 189
17 16 125
16 2 167
16 3 145
16 4 176
16 5 165
16 6 181
16 7 136
16 8 166
16 9 109
16 10 154
16 11 140
16 12 122
16 13 144
16 14 164
16 15 162
15 2 196
15 3 200
15 4 148
15 5 138
15 6 178
15 7 119
15 8 131
15 9 199
15 10 120
15 11 119
15 12 181
15 13 186
15 14 110
14 2 152
14 3 176
14 4 158
14 5 131
14 6 134
14 7 114
14 8 148
14 9 189
14 10 131
14 11 116
14 12 130
14 13 177
13 2 194
13 3 129
13 4 182
13 5 123
13 6 182
13 7 185
13 8 139
13 9 119
13 10 162
13 11 159
13 12 158
12 2 190
12 3 125
12 4 149
12 5 142
12 6 120
12 7 147
12 8 179
12 9 178
12 10 186
12 11 165
11 2 200
11 3 117
11 4 157
11 5 131
11 6 167
11 7 104
11 8 186
11 9 103
11 10 121
10 2 155
10 3 115
10 4 160
10 5 176
10 6 117
10 7 101
10 8 157
10 9 137
9 2 139
9 3 127
9 4 116
9 5 181
9 6 166
9 7 174
9 8 158
8 2 122
8 3 134
8 4 105
8 5 147
8 6 161
8 7 136
7 2 187
7 3 113
7 4 156
7 5 118
7 6 180
6 2 123
6 3 111
6 4 176
6 5 143
5 2 157
5 3 110
5 4 193
4 2 182
4 3 118
3 2 144
3
9
4
13
3
12
18
20
3
16
1
8
