500
499
68
2179
1 2 4
2 3 4
3 4 5
4 5 4
5 6 5
6 7 6
7 8 3
8 9 4
9 10 3
10 11 5
11 12 3
12 13 6
13 14 4
14 15 4
15 16 5
16 17 3
17 18 5
18 19 6
19 20 5
20 21 5
21 22 5
22 23 4
23 24 4
24 25 6
25 26 5
26 27 6
27 28 3
28 29 6
29 30 4
30 31 3
31 32 6
32 33 5
33 34 4
34 35 4
35 36 6
36 37 4
37 38 3
38 39 3
39 40 4
40 41 4
41 42 6
42 43 5
43 44 4
44 45 5
45 46 4
46 47 4
47 48 5
48 49 4
49 50 6
50 51 6
51 52 6
52 53 6
53 54 6
54 55 4
55 56 5
56 57 3
57 58 6
58 59 4
59 60 4
60 61 4
61 62 6
62 63 5
63 64 4
64 65 4
65 66 4
66 67 4
67 68 3
68 69 5
69 70 5
70 71 3
71 72 6
72 73 5
73 74 4
74 75 5
75 76 6
76 77 3
77 78 3
78 79 4
79 80 5
80 81 5
81 82 4
82 83 4
83 84 4
84 85 4
85 86 4
86 87 5
87 88 3
88 89 4
89 90 5
90 91 5
91 92 5
92 93 6
93 94 4
94 95 5
95 96 4
96 97 4
97 98 3
98 99 4
99 100 5
100 101 6
101 102 5
102 103 3
103 104 5
104 105 6
105 106 5
106 107 4
107 108 5
108 109 6
109 110 5
110 111 3
111 112 5
112 113 5
113 114 5
114 115 6
115 116 4
116 117 5
117 118 4
118 119 3
119 120 5
120 121 5
121 122 6
122 123 3
123 124 5
124 125 3
125 126 6
126 127 5
127 128 3
128 129 5
129 130 6
130 131 3
131 132 3
132 133 4
133 134 3
134 135 4
135 136 6
136 137 5
137 138 5
138 139 6
139 140 3
140 141 6
141 142 5
142 143 3
143 144 5
144 145 5
145 146 6
146 147 4
147 148 6
148 149 5
149 150 4
150 151 4
151 152 4
152 153 4
153 154 5
154 155 6
155 156 4
156 157 3
157 158 6
158 159 4
159 160 3
160 161 3
161 162 3
162 163 3
163 164 4
164 165 3
165 166 6
166 167 4
167 168 5
168 169 6
169 170 4
170 171 4
171 172 5
172 173 4
173 174 6
174 175 3
175 176 3
176 177 5
177 178 5
178 179 6
179 180 5
180 181 3
181 182 6
182 183 4
183 184 3
184 185 3
185 186 4
186 187 4
187 188 4
188 189 5
189 190 4
190 191 3
191 192 5
192 193 5
193 194 6
194 195 5
195 196 5
196 197 4
197 198 3
198 199 4
199 200 6
200 201 4
201 202 5
202 203 6
203 204 3
204 205 4
205 206 5
206 207 4
207 208 6
208 209 4
209 210 3
210 211 4
211 212 6
212 213 5
213 214 6
214 215 6
215 216 4
216 217 3
217 218 6
218 219 4
219 220 4
220 221 4
221 222 3
222 223 3
223 224 5
224 225 3
225 226 4
226 227 5
227 228 5
228 229 5
229 230 5
230 231 4
231 232 4
232 233 6
233 234 6
234 235 4
235 236 3
236 237 4
237 238 3
238 239 6
239 240 5
240 241 4
241 242 6
242 243 3
243 244 3
244 245 4
245 246 4
246 247 5
247 248 5
248 249 5
249 250 3
250 251 3
251 252 6
252 253 6
253 254 4
254 255 4
255 256 3
256 257 3
257 258 5
258 259 4
259 260 5
260 261 6
261 262 4
262 263 5
263 264 6
264 265 4
265 266 3
266 267 3
267 268 4
268 269 6
269 270 5
270 271 4
271 272 4
272 273 4
273 274 5
274 275 5
275 276 3
276 277 6
277 278 4
278 279 4
279 280 5
280 281 6
281 282 3
282 283 3
283 284 3
284 285 4
285 286 3
286 287 4
287 288 4
288 289 6
289 290 3
290 291 5
291 292 6
292 293 4
293 294 3
294 295 5
295 296 4
296 297 5
297 298 5
298 299 3
299 300 4
300 301 4
301 302 3
302 303 3
303 304 4
304 305 4
305 306 6
306 307 5
307 308 6
308 309 6
309 310 5
310 311 6
311 312 5
312 313 5
313 314 6
314 315 3
315 316 4
316 317 3
317 318 4
318 319 6
319 320 3
320 321 5
321 322 5
322 323 6
323 324 5
324 325 3
325 326 3
326 327 6
327 328 4
328 329 3
329 330 3
330 331 4
331 332 3
332 333 6
333 334 6
334 335 5
335 336 3
336 337 4
337 338 5
338 339 5
339 340 3
340 341 5
341 342 3
342 343 6
343 344 5
344 345 6
345 346 5
346 347 3
347 348 5
348 349 3
349 350 4
350 351 5
351 352 3
352 353 3
353 354 5
354 355 4
355 356 6
356 357 4
357 358 4
358 359 5
359 360 3
360 361 3
361 362 6
362 363 3
363 364 4
364 365 6
365 366 6
366 367 6
367 368 3
368 369 4
369 370 6
370 371 3
371 372 6
372 373 6
373 374 4
374 375 5
375 376 3
376 377 5
377 378 6
378 379 4
379 380 3
380 381 5
381 382 6
382 383 5
383 384 3
384 385 3
385 386 5
386 387 4
387 388 3
388 389 6
389 390 4
390 391 6
391 392 6
392 393 5
393 394 6
394 395 6
395 396 3
396 397 5
397 398 6
398 399 4
399 400 4
400 401 5
401 402 6
402 403 4
403 404 3
404 405 4
405 406 6
406 407 4
407 408 4
408 409 3
409 410 6
410 411 3
411 412 6
412 413 5
413 414 3
414 415 6
415 416 3
416 417 6
417 418 5
418 419 3
419 420 3
420 421 3
421 422 6
422 423 5
423 424 6
424 425 6
425 426 3
426 427 5
427 428 5
428 429 4
429 430 5
430 431 6
431 432 5
432 433 3
433 434 4
434 435 3
435 436 5
436 437 5
437 438 3
438 439 3
439 440 5
440 441 6
441 442 5
442 443 5
443 444 3
444 445 5
445 446 4
446 447 5
447 448 5
448 449 3
449 450 4
450 451 5
451 452 4
452 453 3
453 454 6
454 455 3
455 456 6
456 457 6
457 458 3
458 459 4
459 460 5
460 461 5
461 462 5
462 463 5
463 464 4
464 465 3
465 466 6
466 467 5
467 468 4
468 469 3
469 470 5
470 471 6
471 472 4
472 473 4
473 474 5
474 475 5
475 476 4
476 477 4
477 478 5
478 479 4
479 480 3
480 481 3
481 482 5
482 483 3
483 484 6
484 485 5
485 486 5
486 487 5
487 488 6
488 489 4
489 490 4
490 491 5
491 492 5
492 493 4
493 494 3
494 495 5
495 496 4
496 497 4
497 498 5
498 499 3
499 500 6
2
279
112
2
101
136
2
270
157
2
120
410
2
13
306
2
123
33
2
21
353
2
408
77
2
372
298
2
384
133
2
192
215
2
378
168
2
243
315
2
86
126
2
76
322
2
34
490
2
248
209
2
405
81
2
461
422
2
4
113
2
262
330
2
219
68
2
489
444
2
180
66
2
297
119
2
435
169
2
234
346
2
358
380
2
292
242
2
250
376
2
151
327
2
483
468
2
128
45
2
365
271
2
231
289
2
317
220
2
305
440
2
473
217
2
341
37
2
484
229
2
197
479
2
141
391
2
481
176
2
360
171
2
472
238
2
239
464
2
161
264
2
277
379
2
237
486
2
252
28
2
175
321
2
399
71
2
332
356
2
377
196
2
203
314
2
442
337
2
50
221
2
202
152
2
167
454
2
48
301
2
498
475
2
124
400
2
409
354
2
386
286
2
6
493
2
428
165
2
2
144
2
75
266
