2200
2199
335
9732
1 2 4
2 3 4
3 4 5
4 5 4
5 6 5
6 7 6
7 8 3
8 9 4
9 10 3
10 11 5
11 12 3
12 13 6
13 14 4
14 15 4
15 16 5
16 17 3
17 18 5
18 19 6
19 20 5
20 21 5
21 22 5
22 23 4
23 24 4
24 25 6
25 26 5
26 27 6
27 28 3
28 29 6
29 30 4
30 31 3
31 32 6
32 33 5
33 34 4
34 35 4
35 36 6
36 37 4
37 38 3
38 39 3
39 40 4
40 41 4
41 42 6
42 43 5
43 44 4
44 45 5
45 46 4
46 47 4
47 48 5
48 49 4
49 50 6
50 51 6
51 52 6
52 53 6
53 54 6
54 55 4
55 56 5
56 57 3
57 58 6
58 59 4
59 60 4
60 61 4
61 62 6
62 63 5
63 64 4
64 65 4
65 66 4
66 67 4
67 68 3
68 69 5
69 70 5
70 71 3
71 72 6
72 73 5
73 74 4
74 75 5
75 76 6
76 77 3
77 78 3
78 79 4
79 80 5
80 81 5
81 82 4
82 83 4
83 84 4
84 85 4
85 86 4
86 87 5
87 88 3
88 89 4
89 90 5
90 91 5
91 92 5
92 93 6
93 94 4
94 95 5
95 96 4
96 97 4
97 98 3
98 99 4
99 100 5
100 101 6
101 102 5
102 103 3
103 104 5
104 105 6
105 106 5
106 107 4
107 108 5
108 109 6
109 110 5
110 111 3
111 112 5
112 113 5
113 114 5
114 115 6
115 116 4
116 117 5
117 118 4
118 119 3
119 120 5
120 121 5
121 122 6
122 123 3
123 124 5
124 125 3
125 126 6
126 127 5
127 128 3
128 129 5
129 130 6
130 131 3
131 132 3
132 133 4
133 134 3
134 135 4
135 136 6
136 137 5
137 138 5
138 139 6
139 140 3
140 141 6
141 142 5
142 143 3
143 144 5
144 145 5
145 146 6
146 147 4
147 148 6
148 149 5
149 150 4
150 151 4
151 152 4
152 153 4
153 154 5
154 155 6
155 156 4
156 157 3
157 158 6
158 159 4
159 160 3
160 161 3
161 162 3
162 163 3
163 164 4
164 165 3
165 166 6
166 167 4
167 168 5
168 169 6
169 170 4
170 171 4
171 172 5
172 173 4
173 174 6
174 175 3
175 176 3
176 177 5
177 178 5
178 179 6
179 180 5
180 181 3
181 182 6
182 183 4
183 184 3
184 185 3
185 186 4
186 187 4
187 188 4
188 189 5
189 190 4
190 191 3
191 192 5
192 193 5
193 194 6
194 195 5
195 196 5
196 197 4
197 198 3
198 199 4
199 200 6
200 201 4
201 202 5
202 203 6
203 204 3
204 205 4
205 206 5
206 207 4
207 208 6
208 209 4
209 210 3
210 211 4
211 212 6
212 213 5
213 214 6
214 215 6
215 216 4
216 217 3
217 218 6
218 219 4
219 220 4
220 221 4
221 222 3
222 223 3
223 224 5
224 225 3
225 226 4
226 227 5
227 228 5
228 229 5
229 230 5
230 231 4
231 232 4
232 233 6
233 234 6
234 235 4
235 236 3
236 237 4
237 238 3
238 239 6
239 240 5
240 241 4
241 242 6
242 243 3
243 244 3
244 245 4
245 246 4
246 247 5
247 248 5
248 249 5
249 250 3
250 251 3
251 252 6
252 253 6
253 254 4
254 255 4
255 256 3
256 257 3
257 258 5
258 259 4
259 260 5
260 261 6
261 262 4
262 263 5
263 264 6
264 265 4
265 266 3
266 267 3
267 268 4
268 269 6
269 270 5
270 271 4
271 272 4
272 273 4
273 274 5
274 275 5
275 276 3
276 277 6
277 278 4
278 279 4
279 280 5
280 281 6
281 282 3
282 283 3
283 284 3
284 285 4
285 286 3
286 287 4
287 288 4
288 289 6
289 290 3
290 291 5
291 292 6
292 293 4
293 294 3
294 295 5
295 296 4
296 297 5
297 298 5
298 299 3
299 300 4
300 301 4
301 302 3
302 303 3
303 304 4
304 305 4
305 306 6
306 307 5
307 308 6
308 309 6
309 310 5
310 311 6
311 312 5
312 313 5
313 314 6
314 315 3
315 316 4
316 317 3
317 318 4
318 319 6
319 320 3
320 321 5
321 322 5
322 323 6
323 324 5
324 325 3
325 326 3
326 327 6
327 328 4
328 329 3
329 330 3
330 331 4
331 332 3
332 333 6
333 334 6
334 335 5
335 336 3
336 337 4
337 338 5
338 339 5
339 340 3
340 341 5
341 342 3
342 343 6
343 344 5
344 345 6
345 346 5
346 347 3
347 348 5
348 349 3
349 350 4
350 351 5
351 352 3
352 353 3
353 354 5
354 355 4
355 356 6
356 357 4
357 358 4
358 359 5
359 360 3
360 361 3
361 362 6
362 363 3
363 364 4
364 365 6
365 366 6
366 367 6
367 368 3
368 369 4
369 370 6
370 371 3
371 372 6
372 373 6
373 374 4
374 375 5
375 376 3
376 377 5
377 378 6
378 379 4
379 380 3
380 381 5
381 382 6
382 383 5
383 384 3
384 385 3
385 386 5
386 387 4
387 388 3
388 389 6
389 390 4
390 391 6
391 392 6
392 393 5
393 394 6
394 395 6
395 396 3
396 397 5
397 398 6
398 399 4
399 400 4
400 401 5
401 402 6
402 403 4
403 404 3
404 405 4
405 406 6
406 407 4
407 408 4
408 409 3
409 410 6
410 411 3
411 412 6
412 413 5
413 414 3
414 415 6
415 416 3
416 417 6
417 418 5
418 419 3
419 420 3
420 421 3
421 422 6
422 423 5
423 424 6
424 425 6
425 426 3
426 427 5
427 428 5
428 429 4
429 430 5
430 431 6
431 432 5
432 433 3
433 434 4
434 435 3
435 436 5
436 437 5
437 438 3
438 439 3
439 440 5
440 441 6
441 442 5
442 443 5
443 444 3
444 445 5
445 446 4
446 447 5
447 448 5
448 449 3
449 450 4
450 451 5
451 452 4
452 453 3
453 454 6
454 455 3
455 456 6
456 457 6
457 458 3
458 459 4
459 460 5
460 461 5
461 462 5
462 463 5
463 464 4
464 465 3
465 466 6
466 467 5
467 468 4
468 469 3
469 470 5
470 471 6
471 472 4
472 473 4
473 474 5
474 475 5
475 476 4
476 477 4
477 478 5
478 479 4
479 480 3
480 481 3
481 482 5
482 483 3
483 484 6
484 485 5
485 486 5
486 487 5
487 488 6
488 489 4
489 490 4
490 491 5
491 492 5
492 493 4
493 494 3
494 495 5
495 496 4
496 497 4
497 498 5
498 499 3
499 500 6
500 501 4
501 502 4
502 503 5
503 504 5
504 505 4
505 506 3
506 507 4
507 508 3
508 509 3
509 510 4
510 511 5
511 512 5
512 513 6
513 514 5
514 515 6
515 516 4
516 517 4
517 518 4
518 519 3
519 520 6
520 521 6
521 522 4
522 523 3
523 524 4
524 525 6
525 526 4
526 527 5
527 528 4
528 529 4
529 530 5
530 531 6
531 532 6
532 533 6
533 534 5
534 535 4
535 536 3
536 537 4
537 538 3
538 539 6
539 540 6
540 541 5
541 542 6
542 543 5
543 544 4
544 545 5
545 546 3
546 547 6
547 548 6
548 549 5
549 550 5
550 551 6
551 552 6
552 553 5
553 554 5
554 555 5
555 556 6
556 557 6
557 558 3
558 559 5
559 560 6
560 561 6
561 562 3
562 563 4
563 564 5
564 565 6
565 566 3
566 567 6
567 568 5
568 569 4
569 570 6
570 571 6
571 572 3
572 573 6
573 574 6
574 575 5
575 576 5
576 577 4
577 578 6
578 579 3
579 580 5
580 581 5
581 582 4
582 583 5
583 584 5
584 585 6
585 586 4
586 587 3
587 588 4
588 589 6
589 590 6
590 591 4
591 592 4
592 593 5
593 594 5
594 595 5
595 596 6
596 597 3
597 598 5
598 599 3
599 600 5
600 601 4
601 602 4
602 603 4
603 604 3
604 605 6
605 606 5
606 607 6
607 608 5
608 609 3
609 610 4
610 611 5
611 612 4
612 613 6
613 614 5
614 615 6
615 616 3
616 617 5
617 618 3
618 619 6
619 620 3
620 621 6
621 622 3
622 623 6
623 624 4
624 625 6
625 626 6
626 627 4
627 628 4
628 629 3
629 630 5
630 631 3
631 632 5
632 633 6
633 634 4
634 635 4
635 636 4
636 637 4
637 638 6
638 639 5
639 640 3
640 641 6
641 642 4
642 643 6
643 644 5
644 645 6
645 646 6
646 647 4
647 648 3
648 649 3
649 650 3
650 651 3
651 652 4
652 653 5
653 654 5
654 655 4
655 656 4
656 657 4
657 658 5
658 659 3
659 660 4
660 661 4
661 662 3
662 663 6
663 664 5
664 665 5
665 666 5
666 667 4
667 668 5
668 669 5
669 670 5
670 671 6
671 672 6
672 673 6
673 674 3
674 675 3
675 676 6
676 677 5
677 678 3
678 679 6
679 680 6
680 681 5
681 682 3
682 683 5
683 684 6
684 685 6
685 686 6
686 687 6
687 688 4
688 689 4
689 690 4
690 691 5
691 692 4
692 693 3
693 694 4
694 695 3
695 696 4
696 697 3
697 698 6
698 699 4
699 700 3
700 701 6
701 702 3
702 703 5
703 704 5
704 705 5
705 706 3
706 707 4
707 708 4
708 709 6
709 710 4
710 711 3
711 712 5
712 713 3
713 714 6
714 715 4
715 716 6
716 717 3
717 718 5
718 719 6
719 720 5
720 721 6
721 722 4
722 723 5
723 724 3
724 725 6
725 726 4
726 727 5
727 728 4
728 729 6
729 730 3
730 731 6
731 732 6
732 733 6
733 734 5
734 735 4
735 736 5
736 737 3
737 738 6
738 739 4
739 740 4
740 741 3
741 742 3
742 743 6
743 744 3
744 745 6
745 746 5
746 747 5
747 748 4
748 749 5
749 750 3
750 751 3
751 752 4
752 753 4
753 754 3
754 755 6
755 756 3
756 757 3
757 758 6
758 759 5
759 760 3
760 761 4
761 762 3
762 763 3
763 764 3
764 765 4
765 766 3
766 767 4
767 768 4
768 769 3
769 770 4
770 771 5
771 772 5
772 773 4
773 774 3
774 775 4
775 776 4
776 777 4
777 778 5
778 779 4
779 780 5
780 781 6
781 782 6
782 783 5
783 784 5
784 785 5
785 786 6
786 787 4
787 788 5
788 789 5
789 790 3
790 791 4
791 792 6
792 793 4
793 794 3
794 795 5
795 796 6
796 797 5
797 798 3
798 799 3
799 800 4
800 801 3
801 802 5
802 803 4
803 804 3
804 805 4
805 806 5
806 807 5
807 808 3
808 809 3
809 810 6
810 811 4
811 812 5
812 813 5
813 814 5
814 815 4
815 816 4
816 817 5
817 818 5
818 819 4
819 820 5
820 821 5
821 822 5
822 823 6
823 824 5
824 825 4
825 826 4
826 827 4
827 828 6
828 829 5
829 830 6
830 831 3
831 832 6
832 833 5
833 834 6
834 835 4
835 836 6
836 837 5
837 838 6
838 839 4
839 840 4
840 841 4
841 842 4
842 843 6
843 844 5
844 845 6
845 846 5
846 847 4
847 848 6
848 849 5
849 850 3
850 851 5
851 852 5
852 853 5
853 854 4
854 855 4
855 856 4
856 857 5
857 858 3
858 859 6
859 860 3
860 861 3
861 862 6
862 863 4
863 864 5
864 865 4
865 866 6
866 867 4
867 868 4
868 869 3
869 870 4
870 871 4
871 872 4
872 873 4
873 874 4
874 875 4
875 876 3
876 877 4
877 878 3
878 879 5
879 880 4
880 881 5
881 882 5
882 883 4
883 884 5
884 885 3
885 886 6
886 887 5
887 888 4
888 889 6
889 890 6
890 891 4
891 892 3
892 893 6
893 894 4
894 895 6
895 896 3
896 897 3
897 898 3
898 899 6
899 900 3
900 901 6
901 902 6
902 903 4
903 904 6
904 905 4
905 906 6
906 907 6
907 908 6
908 909 3
909 910 3
910 911 6
911 912 3
912 913 6
913 914 5
914 915 3
915 916 5
916 917 5
917 918 6
918 919 4
919 920 5
920 921 6
921 922 3
922 923 4
923 924 3
924 925 5
925 926 6
926 927 4
927 928 4
928 929 5
929 930 5
930 931 6
931 932 4
932 933 4
933 934 5
934 935 5
935 936 4
936 937 5
937 938 3
938 939 3
939 940 6
940 941 5
941 942 3
942 943 6
943 944 3
944 945 6
945 946 6
946 947 5
947 948 6
948 949 4
949 950 4
950 951 4
951 952 6
952 953 6
953 954 5
954 955 3
955 956 5
956 957 5
957 958 5
958 959 3
959 960 5
960 961 5
961 962 6
962 963 6
963 964 4
964 965 4
965 966 6
966 967 4
967 968 5
968 969 5
969 970 6
970 971 6
971 972 4
972 973 4
973 974 6
974 975 6
975 976 6
976 977 4
977 978 3
978 979 3
979 980 4
980 981 3
981 982 3
982 983 5
983 984 6
984 985 5
985 986 6
986 987 3
987 988 4
988 989 5
989 990 6
990 991 4
991 992 4
992 993 4
993 994 3
994 995 5
995 996 4
996 997 6
997 998 6
998 999 5
999 1000 5
1000 1001 5
1001 1002 3
1002 1003 3
1003 1004 5
1004 1005 6
1005 1006 6
1006 1007 5
1007 1008 5
1008 1009 6
1009 1010 6
1010 1011 3
1011 1012 4
1012 1013 3
1013 1014 6
1014 1015 5
1015 1016 3
1016 1017 4
1017 1018 5
1018 1019 5
1019 1020 3
1020 1021 3
1021 1022 6
1022 1023 5
1023 1024 3
1024 1025 5
1025 1026 4
1026 1027 6
1027 1028 3
1028 1029 4
1029 1030 3
1030 1031 5
1031 1032 5
1032 1033 5
1033 1034 3
1034 1035 3
1035 1036 4
1036 1037 6
1037 1038 5
1038 1039 4
1039 1040 6
1040 1041 5
1041 1042 3
1042 1043 4
1043 1044 5
1044 1045 3
1045 1046 4
1046 1047 3
1047 1048 3
1048 1049 3
1049 1050 5
1050 1051 5
1051 1052 4
1052 1053 3
1053 1054 3
1054 1055 3
1055 1056 3
1056 1057 5
1057 1058 5
1058 1059 3
1059 1060 5
1060 1061 4
1061 1062 3
1062 1063 3
1063 1064 4
1064 1065 3
1065 1066 6
1066 1067 5
1067 1068 6
1068 1069 6
1069 1070 6
1070 1071 3
1071 1072 4
1072 1073 3
1073 1074 3
1074 1075 6
1075 1076 4
1076 1077 6
1077 1078 5
1078 1079 5
1079 1080 3
1080 1081 6
1081 1082 4
1082 1083 6
1083 1084 3
1084 1085 4
1085 1086 3
1086 1087 5
1087 1088 5
1088 1089 3
1089 1090 5
1090 1091 5
1091 1092 6
1092 1093 3
1093 1094 5
1094 1095 3
1095 1096 5
1096 1097 6
1097 1098 3
1098 1099 4
1099 1100 6
1100 1101 5
1101 1102 6
1102 1103 5
1103 1104 6
1104 1105 3
1105 1106 3
1106 1107 3
1107 1108 6
1108 1109 3
1109 1110 3
1110 1111 5
1111 1112 5
1112 1113 6
1113 1114 5
1114 1115 4
1115 1116 3
1116 1117 6
1117 1118 3
1118 1119 5
1119 1120 6
1120 1121 5
1121 1122 4
1122 1123 4
1123 1124 6
1124 1125 3
1125 1126 5
1126 1127 4
1127 1128 3
1128 1129 5
1129 1130 3
1130 1131 6
1131 1132 5
1132 1133 5
1133 1134 6
1134 1135 4
1135 1136 3
1136 1137 6
1137 1138 4
1138 1139 4
1139 1140 3
1140 1141 6
1141 1142 4
1142 1143 5
1143 1144 3
1144 1145 5
1145 1146 3
1146 1147 6
1147 1148 5
1148 1149 3
1149 1150 3
1150 1151 3
1151 1152 6
1152 1153 3
1153 1154 5
1154 1155 4
1155 1156 3
1156 1157 5
1157 1158 4
1158 1159 5
1159 1160 5
1160 1161 6
1161 1162 6
1162 1163 5
1163 1164 3
1164 1165 5
1165 1166 5
1166 1167 6
1167 1168 3
1168 1169 3
1169 1170 3
1170 1171 3
1171 1172 6
1172 1173 5
1173 1174 4
1174 1175 5
1175 1176 5
1176 1177 6
1177 1178 3
1178 1179 5
1179 1180 6
1180 1181 5
1181 1182 5
1182 1183 4
1183 1184 3
1184 1185 4
1185 1186 3
1186 1187 4
1187 1188 3
1188 1189 6
1189 1190 3
1190 1191 4
1191 1192 4
1192 1193 4
1193 1194 3
1194 1195 6
1195 1196 5
1196 1197 6
1197 1198 6
1198 1199 5
1199 1200 3
1200 1201 3
1201 1202 4
1202 1203 6
1203 1204 4
1204 1205 3
1205 1206 5
1206 1207 6
1207 1208 5
1208 1209 3
1209 1210 6
1210 1211 6
1211 1212 5
1212 1213 4
1213 1214 3
1214 1215 5
1215 1216 6
1216 1217 3
1217 1218 3
1218 1219 6
1219 1220 3
1220 1221 6
1221 1222 4
1222 1223 6
1223 1224 5
1224 1225 6
1225 1226 4
1226 1227 3
1227 1228 4
1228 1229 4
1229 1230 5
1230 1231 4
1231 1232 4
1232 1233 5
1233 1234 5
1234 1235 6
1235 1236 5
1236 1237 6
1237 1238 5
1238 1239 4
1239 1240 6
1240 1241 4
1241 1242 5
1242 1243 5
1243 1244 5
1244 1245 6
1245 1246 6
1246 1247 3
1247 1248 6
1248 1249 5
1249 1250 3
1250 1251 4
1251 1252 6
1252 1253 5
1253 1254 4
1254 1255 5
1255 1256 3
1256 1257 3
1257 1258 5
1258 1259 5
1259 1260 3
1260 1261 5
1261 1262 6
1262 1263 4
1263 1264 3
1264 1265 6
1265 1266 6
1266 1267 5
1267 1268 6
1268 1269 6
1269 1270 3
1270 1271 4
1271 1272 6
1272 1273 4
1273 1274 4
1274 1275 6
1275 1276 6
1276 1277 5
1277 1278 4
1278 1279 5
1279 1280 3
1280 1281 6
1281 1282 5
1282 1283 5
1283 1284 5
1284 1285 6
1285 1286 5
1286 1287 6
1287 1288 3
1288 1289 3
1289 1290 5
1290 1291 6
1291 1292 4
1292 1293 3
1293 1294 6
1294 1295 6
1295 1296 6
1296 1297 5
1297 1298 4
1298 1299 3
1299 1300 4
1300 1301 6
1301 1302 3
1302 1303 4
1303 1304 3
1304 1305 4
1305 1306 4
1306 1307 5
1307 1308 3
1308 1309 4
1309 1310 6
1310 1311 3
1311 1312 3
1312 1313 5
1313 1314 6
1314 1315 3
1315 1316 5
1316 1317 3
1317 1318 6
1318 1319 5
1319 1320 3
1320 1321 3
1321 1322 6
1322 1323 3
1323 1324 5
1324 1325 5
1325 1326 6
1326 1327 6
1327 1328 3
1328 1329 5
1329 1330 3
1330 1331 4
1331 1332 6
1332 1333 3
1333 1334 4
1334 1335 5
1335 1336 4
1336 1337 3
1337 1338 5
1338 1339 3
1339 1340 6
1340 1341 5
1341 1342 3
1342 1343 6
1343 1344 3
1344 1345 5
1345 1346 3
1346 1347 6
1347 1348 6
1348 1349 5
1349 1350 3
1350 1351 3
1351 1352 3
1352 1353 4
1353 1354 4
1354 1355 6
1355 1356 6
1356 1357 3
1357 1358 4
1358 1359 6
1359 1360 4
1360 1361 3
1361 1362 5
1362 1363 6
1363 1364 6
1364 1365 4
1365 1366 6
1366 1367 3
1367 1368 5
1368 1369 3
1369 1370 6
1370 1371 5
1371 1372 5
1372 1373 5
1373 1374 4
1374 1375 6
1375 1376 4
1376 1377 4
1377 1378 6
1378 1379 3
1379 1380 5
1380 1381 5
1381 1382 4
1382 1383 3
1383 1384 4
1384 1385 3
1385 1386 5
1386 1387 3
1387 1388 3
1388 1389 3
1389 1390 5
1390 1391 5
1391 1392 5
1392 1393 3
1393 1394 3
1394 1395 4
1395 1396 5
1396 1397 5
1397 1398 6
1398 1399 4
1399 1400 3
1400 1401 5
1401 1402 4
1402 1403 3
1403 1404 5
1404 1405 6
1405 1406 5
1406 1407 6
1407 1408 6
1408 1409 3
1409 1410 6
1410 1411 5
1411 1412 6
1412 1413 4
1413 1414 3
1414 1415 5
1415 1416 3
1416 1417 5
1417 1418 6
1418 1419 3
1419 1420 3
1420 1421 5
1421 1422 5
1422 1423 5
1423 1424 5
1424 1425 3
1425 1426 4
1426 1427 4
1427 1428 4
1428 1429 3
1429 1430 5
1430 1431 4
1431 1432 4
1432 1433 6
1433 1434 3
1434 1435 6
1435 1436 6
1436 1437 6
1437 1438 4
1438 1439 4
1439 1440 6
1440 1441 5
1441 1442 3
1442 1443 3
1443 1444 6
1444 1445 3
1445 1446 4
1446 1447 5
1447 1448 5
1448 1449 4
1449 1450 3
1450 1451 3
1451 1452 3
1452 1453 6
1453 1454 5
1454 1455 4
1455 1456 3
1456 1457 4
1457 1458 5
1458 1459 3
1459 1460 5
1460 1461 6
1461 1462 6
1462 1463 6
1463 1464 6
1464 1465 4
1465 1466 4
1466 1467 5
1467 1468 4
1468 1469 5
1469 1470 6
1470 1471 6
1471 1472 3
1472 1473 5
1473 1474 5
1474 1475 5
1475 1476 4
1476 1477 5
1477 1478 3
1478 1479 5
1479 1480 5
1480 1481 5
1481 1482 6
1482 1483 4
1483 1484 5
1484 1485 4
1485 1486 6
1486 1487 5
1487 1488 6
1488 1489 3
1489 1490 6
1490 1491 3
1491 1492 5
1492 1493 5
1493 1494 5
1494 1495 5
1495 1496 4
1496 1497 6
1497 1498 4
1498 1499 5
1499 1500 3
1500 1501 3
1501 1502 3
1502 1503 3
1503 1504 5
1504 1505 3
1505 1506 5
1506 1507 6
1507 1508 5
1508 1509 3
1509 1510 4
1510 1511 3
1511 1512 4
1512 1513 6
1513 1514 6
1514 1515 6
1515 1516 3
1516 1517 5
1517 1518 6
1518 1519 4
1519 1520 3
1520 1521 6
1521 1522 3
1522 1523 6
1523 1524 6
1524 1525 4
1525 1526 6
1526 1527 5
1527 1528 5
1528 1529 6
1529 1530 3
1530 1531 5
1531 1532 4
1532 1533 6
1533 1534 3
1534 1535 4
1535 1536 3
1536 1537 4
1537 1538 4
1538 1539 3
1539 1540 5
1540 1541 3
1541 1542 6
1542 1543 3
1543 1544 3
1544 1545 4
1545 1546 3
1546 1547 3
1547 1548 6
1548 1549 3
1549 1550 6
1550 1551 4
1551 1552 6
1552 1553 3
1553 1554 3
1554 1555 4
1555 1556 6
1556 1557 6
1557 1558 5
1558 1559 5
1559 1560 5
1560 1561 4
1561 1562 5
1562 1563 6
1563 1564 3
1564 1565 4
1565 1566 5
1566 1567 3
1567 1568 3
1568 1569 3
1569 1570 6
1570 1571 4
1571 1572 5
1572 1573 3
1573 1574 5
1574 1575 5
1575 1576 3
1576 1577 5
1577 1578 6
1578 1579 5
1579 1580 6
1580 1581 3
1581 1582 4
1582 1583 3
1583 1584 5
1584 1585 3
1585 1586 5
1586 1587 4
1587 1588 4
1588 1589 3
1589 1590 6
1590 1591 3
1591 1592 3
1592 1593 5
1593 1594 4
1594 1595 3
1595 1596 4
1596 1597 3
1597 1598 4
1598 1599 5
1599 1600 6
1600 1601 3
1601 1602 6
1602 1603 4
1603 1604 4
1604 1605 3
1605 1606 6
1606 1607 6
1607 1608 6
1608 1609 4
1609 1610 3
1610 1611 5
1611 1612 4
1612 1613 5
1613 1614 5
1614 1615 6
1615 1616 4
1616 1617 5
1617 1618 3
1618 1619 6
1619 1620 6
1620 1621 4
1621 1622 5
1622 1623 5
1623 1624 5
1624 1625 3
1625 1626 3
1626 1627 3
1627 1628 6
1628 1629 4
1629 1630 3
1630 1631 5
1631 1632 5
1632 1633 3
1633 1634 4
1634 1635 6
1635 1636 3
1636 1637 4
1637 1638 3
1638 1639 5
1639 1640 6
1640 1641 4
1641 1642 6
1642 1643 5
1643 1644 3
1644 1645 3
1645 1646 6
1646 1647 3
1647 1648 4
1648 1649 6
1649 1650 6
1650 1651 4
1651 1652 4
1652 1653 6
1653 1654 5
1654 1655 5
1655 1656 5
1656 1657 6
1657 1658 6
1658 1659 5
1659 1660 4
1660 1661 6
1661 1662 4
1662 1663 4
1663 1664 5
1664 1665 6
1665 1666 5
1666 1667 5
1667 1668 4
1668 1669 3
1669 1670 5
1670 1671 3
1671 1672 4
1672 1673 6
1673 1674 6
1674 1675 5
1675 1676 4
1676 1677 5
1677 1678 5
1678 1679 6
1679 1680 6
1680 1681 6
1681 1682 6
1682 1683 5
1683 1684 4
1684 1685 5
1685 1686 3
1686 1687 6
1687 1688 5
1688 1689 6
1689 1690 4
1690 1691 3
1691 1692 6
1692 1693 6
1693 1694 3
1694 1695 5
1695 1696 5
1696 1697 5
1697 1698 4
1698 1699 4
1699 1700 6
1700 1701 6
1701 1702 4
1702 1703 6
1703 1704 4
1704 1705 6
1705 1706 4
1706 1707 6
1707 1708 5
1708 1709 6
1709 1710 6
1710 1711 4
1711 1712 4
1712 1713 4
1713 1714 5
1714 1715 4
1715 1716 3
1716 1717 6
1717 1718 3
1718 1719 6
1719 1720 4
1720 1721 5
1721 1722 3
1722 1723 3
1723 1724 5
1724 1725 6
1725 1726 6
1726 1727 6
1727 1728 5
1728 1729 6
1729 1730 4
1730 1731 4
1731 1732 5
1732 1733 5
1733 1734 4
1734 1735 5
1735 1736 3
1736 1737 3
1737 1738 6
1738 1739 3
1739 1740 3
1740 1741 6
1741 1742 4
1742 1743 3
1743 1744 6
1744 1745 4
1745 1746 3
1746 1747 6
1747 1748 4
1748 1749 6
1749 1750 4
1750 1751 6
1751 1752 4
1752 1753 4
1753 1754 6
1754 1755 5
1755 1756 6
1756 1757 4
1757 1758 3
1758 1759 4
1759 1760 4
1760 1761 4
1761 1762 4
1762 1763 4
1763 1764 4
1764 1765 3
1765 1766 6
1766 1767 5
1767 1768 3
1768 1769 4
1769 1770 6
1770 1771 3
1771 1772 6
1772 1773 4
1773 1774 6
1774 1775 3
1775 1776 5
1776 1777 6
1777 1778 6
1778 1779 6
1779 1780 3
1780 1781 6
1781 1782 4
1782 1783 3
1783 1784 5
1784 1785 4
1785 1786 3
1786 1787 5
1787 1788 4
1788 1789 4
1789 1790 6
1790 1791 4
1791 1792 5
1792 1793 3
1793 1794 3
1794 1795 6
1795 1796 4
1796 1797 4
1797 1798 6
1798 1799 5
1799 1800 3
1800 1801 6
1801 1802 3
1802 1803 3
1803 1804 6
1804 1805 3
1805 1806 6
1806 1807 5
1807 1808 4
1808 1809 5
1809 1810 5
1810 1811 5
1811 1812 4
1812 1813 4
1813 1814 6
1814 1815 3
1815 1816 6
1816 1817 6
1817 1818 3
1818 1819 4
1819 1820 5
1820 1821 4
1821 1822 4
1822 1823 4
1823 1824 4
1824 1825 6
1825 1826 4
1826 1827 3
1827 1828 5
1828 1829 4
1829 1830 4
1830 1831 5
1831 1832 6
1832 1833 4
1833 1834 6
1834 1835 6
1835 1836 3
1836 1837 3
1837 1838 3
1838 1839 4
1839 1840 4
1840 1841 6
1841 1842 3
1842 1843 3
1843 1844 3
1844 1845 5
1845 1846 6
1846 1847 4
1847 1848 3
1848 1849 3
1849 1850 3
1850 1851 3
1851 1852 5
1852 1853 4
1853 1854 4
1854 1855 5
1855 1856 5
1856 1857 6
1857 1858 3
1858 1859 5
1859 1860 4
1860 1861 3
1861 1862 4
1862 1863 6
1863 1864 6
1864 1865 6
1865 1866 5
1866 1867 4
1867 1868 4
1868 1869 3
1869 1870 5
1870 1871 4
1871 1872 5
1872 1873 4
1873 1874 5
1874 1875 4
1875 1876 5
1876 1877 4
1877 1878 3
1878 1879 6
1879 1880 4
1880 1881 3
1881 1882 3
1882 1883 4
1883 1884 4
1884 1885 4
1885 1886 3
1886 1887 3
1887 1888 3
1888 1889 6
1889 1890 3
1890 1891 4
1891 1892 3
1892 1893 6
1893 1894 6
1894 1895 4
1895 1896 4
1896 1897 6
1897 1898 3
1898 1899 3
1899 1900 3
1900 1901 6
1901 1902 3
1902 1903 6
1903 1904 5
1904 1905 5
1905 1906 6
1906 1907 4
1907 1908 6
1908 1909 6
1909 1910 5
1910 1911 3
1911 1912 3
1912 1913 5
1913 1914 5
1914 1915 5
1915 1916 6
1916 1917 6
1917 1918 4
1918 1919 6
1919 1920 4
1920 1921 4
1921 1922 3
1922 1923 4
1923 1924 4
1924 1925 3
1925 1926 5
1926 1927 4
1927 1928 5
1928 1929 3
1929 1930 4
1930 1931 4
1931 1932 6
1932 1933 4
1933 1934 3
1934 1935 3
1935 1936 3
1936 1937 6
1937 1938 6
1938 1939 6
1939 1940 5
1940 1941 5
1941 1942 5
1942 1943 5
1943 1944 3
1944 1945 5
1945 1946 5
1946 1947 4
1947 1948 6
1948 1949 5
1949 1950 3
1950 1951 3
1951 1952 5
1952 1953 5
1953 1954 5
1954 1955 6
1955 1956 3
1956 1957 6
1957 1958 3
1958 1959 5
1959 1960 4
1960 1961 6
1961 1962 5
1962 1963 4
1963 1964 4
1964 1965 4
1965 1966 4
1966 1967 6
1967 1968 4
1968 1969 4
1969 1970 3
1970 1971 5
1971 1972 5
1972 1973 5
1973 1974 4
1974 1975 3
1975 1976 4
1976 1977 4
1977 1978 5
1978 1979 6
1979 1980 6
1980 1981 3
1981 1982 6
1982 1983 3
1983 1984 3
1984 1985 3
1985 1986 4
1986 1987 3
1987 1988 4
1988 1989 6
1989 1990 3
1990 1991 4
1991 1992 4
1992 1993 3
1993 1994 6
1994 1995 4
1995 1996 4
1996 1997 5
1997 1998 6
1998 1999 3
1999 2000 5
2000 2001 3
2001 2002 4
2002 2003 4
2003 2004 4
2004 2005 5
2005 2006 4
2006 2007 4
2007 2008 3
2008 2009 3
2009 2010 3
2010 2011 3
2011 2012 3
2012 2013 5
2013 2014 5
2014 2015 4
2015 2016 5
2016 2017 5
2017 2018 6
2018 2019 5
2019 2020 4
2020 2021 6
2021 2022 5
2022 2023 4
2023 2024 6
2024 2025 6
2025 2026 3
2026 2027 6
2027 2028 6
2028 2029 6
2029 2030 5
2030 2031 4
2031 2032 5
2032 2033 6
2033 2034 3
2034 2035 4
2035 2036 5
2036 2037 4
2037 2038 4
2038 2039 3
2039 2040 5
2040 2041 6
2041 2042 6
2042 2043 5
2043 2044 5
2044 2045 5
2045 2046 6
2046 2047 4
2047 2048 3
2048 2049 6
2049 2050 4
2050 2051 3
2051 2052 6
2052 2053 6
2053 2054 4
2054 2055 6
2055 2056 4
2056 2057 4
2057 2058 5
2058 2059 5
2059 2060 6
2060 2061 5
2061 2062 3
2062 2063 5
2063 2064 4
2064 2065 3
2065 2066 4
2066 2067 3
2067 2068 5
2068 2069 6
2069 2070 6
2070 2071 4
2071 2072 6
2072 2073 5
2073 2074 3
2074 2075 3
2075 2076 5
2076 2077 3
2077 2078 6
2078 2079 3
2079 2080 3
2080 2081 6
2081 2082 5
2082 2083 5
2083 2084 4
2084 2085 3
2085 2086 3
2086 2087 3
2087 2088 5
2088 2089 6
2089 2090 5
2090 2091 5
2091 2092 3
2092 2093 3
2093 2094 3
2094 2095 3
2095 2096 5
2096 2097 5
2097 2098 6
2098 2099 5
2099 2100 4
2100 2101 6
2101 2102 5
2102 2103 3
2103 2104 3
2104 2105 4
2105 2106 4
2106 2107 4
2107 2108 6
2108 2109 5
2109 2110 5
2110 2111 5
2111 2112 3
2112 2113 5
2113 2114 4
2114 2115 3
2115 2116 3
2116 2117 5
2117 2118 6
2118 2119 6
2119 2120 6
2120 2121 4
2121 2122 4
2122 2123 4
2123 2124 6
2124 2125 3
2125 2126 3
2126 2127 3
2127 2128 6
2128 2129 4
2129 2130 5
2130 2131 5
2131 2132 6
2132 2133 3
2133 2134 6
2134 2135 3
2135 2136 6
2136 2137 4
2137 2138 6
2138 2139 4
2139 2140 4
2140 2141 3
2141 2142 3
2142 2143 4
2143 2144 4
2144 2145 3
2145 2146 6
2146 2147 6
2147 2148 4
2148 2149 5
2149 2150 4
2150 2151 3
2151 2152 6
2152 2153 5
2153 2154 4
2154 2155 3
2155 2156 6
2156 2157 5
2157 2158 4
2158 2159 6
2159 2160 4
2160 2161 3
2161 2162 3
2162 2163 6
2163 2164 5
2164 2165 4
2165 2166 5
2166 2167 3
2167 2168 6
2168 2169 5
2169 2170 5
2170 2171 3
2171 2172 4
2172 2173 5
2173 2174 4
2174 2175 5
2175 2176 4
2176 2177 5
2177 2178 4
2178 2179 4
2179 2180 6
2180 2181 6
2181 2182 4
2182 2183 4
2183 2184 6
2184 2185 3
2185 2186 3
2186 2187 4
2187 2188 3
2188 2189 5
2189 2190 3
2190 2191 3
2191 2192 6
2192 2193 5
2193 2194 3
2194 2195 5
2195 2196 3
2196 2197 4
2197 2198 4
2198 2199 5
2199 2200 4
2
2023
1566
2
115
632
2
572
51
2
1182
1881
2
228
620
2
762
37
2
1789
1295
2
88
9
2
1785
1810
2
892
1675
2
923
1537
2
1498
769
2
1489
1717
2
332
1602
2
950
1117
2
630
1362
2
811
400
2
537
779
2
2096
80
2
1130
2
2
172
527
2
1655
174
2
336
2013
2
2139
238
2
437
257
2
1701
428
2
66
682
2
1773
2146
2
1596
1879
2
608
996
2
1562
244
2
1715
1110
2
864
993
2
1665
1844
2
1989
2112
2
857
975
2
631
366
2
1476
653
2
379
1052
2
1172
1840
2
1550
911
2
309
1231
2
2183
1812
2
672
68
2
1260
1525
2
304
64
2
1330
1423
2
2087
1094
2
755
1383
2
1185
675
2
2032
1262
2
735
1478
2
2172
1194
2
1930
1122
2
401
772
2
724
903
2
1410
1109
2
801
626
2
465
1002
2
447
2066
2
805
2069
2
1511
881
2
1209
1871
2
1944
100
2
352
681
2
1978
1016
2
1308
1741
2
1974
1065
2
1233
1834
2
564
151
2
1053
1730
2
536
96
2
523
273
2
1221
1878
2
1133
23
2
2078
1146
2
1375
1775
2
1355
1749
2
1900
1442
2
436
727
2
125
1733
2
1776
919
2
2156
490
2
938
1015
2
1788
5
2
1307
819
2
285
137
2
286
899
2
600
1953
2
961
641
2
1144
1195
2
910
2091
2
292
187
2
1621
891
2
1950
1885
2
1134
887
2
1296
438
2
1085
349
2
1894
1141
2
1765
1480
2
1414
2034
2
1241
1576
2
15
1578
2
983
973
2
1289
509
2
422
686
2
191
1399
2
326
1105
2
1523
1346
2
695
589
2
290
932
2
1440
1626
2
109
1178
2
1256
269
2
1215
1711
2
788
1081
2
802
1444
2
979
78
2
338
1722
2
1385
1139
2
1437
958
2
1333
858
2
1759
1981
2
2025
427
2
1816
841
2
1991
315
2
797
1023
2
1899
1963
2
108
240
2
1770
558
2
330
83
2
577
65
2
541
198
2
1191
57
2
254
1608
2
1093
2054
2
403
159
2
660
1801
2
470
952
2
971
1324
2
997
297
2
414
683
2
1725
2130
2
86
1129
2
1606
1499
2
605
1690
2
1585
808
2
1411
879
2
383
1475
2
1826
1661
2
164
56
2
1465
252
2
1248
498
2
896
1220
2
552
1612
2
616
1645
2
162
217
2
2159
688
2
738
1397
2
152
514
2
1650
410
2
2010
1907
2
1171
581
2
1496
540
2
1593
38
2
266
1941
2
1335
655
2
1558
295
2
1934
597
2
1906
2110
2
730
1767
2
1225
223
2
1663
593
2
429
1403
2
1546
376
2
741
1020
2
1060
430
2
1326
278
2
1298
1926
2
1727
517
2
274
1192
2
1753
298
2
2154
203
2
1940
299
2
760
969
2
1276
804
2
112
1623
2
1322
1254
2
1839
1235
2
497
714
2
101
921
2
1072
192
2
1664
117
2
1637
2125
2
495
1359
2
1338
1471
2
1389
33
2
1716
124
2
699
1449
2
651
1896
2
1076
684
2
1252
1161
2
313
1152
2
749
263
2
1868
1160
2
276
637
2
317
1719
2
476
1098
2
1168
416
2
229
409
2
2048
154
2
1528
792
2
1710
1967
2
370
918
2
288
658
2
2016
390
2
754
955
2
1314
3
2
1842
1887
2
443
2175
2
355
97
2
1268
1886
2
1872
396
2
1331
1888
2
1803
128
2
1281
378
2
1365
1958
2
689
179
2
1386
1371
2
1891
1744
2
1624
2080
2
1961
603
2
1813
747
2
1992
1846
2
32
526
2
825
1738
2
1686
1393
2
943
1540
2
1458
1218
2
210
277
2
193
1594
2
1018
1501
2
344
1470
2
1859
752
2
1047
867
2
1454
1239
2
464
785
2
1551
1247
2
1769
1271
2
1667
2083
2
2143
525
2
520
165
2
489
1922
2
472
750
2
348
1718
2
1043
118
2
1250
2188
2
1433
940
2
1451
434
2
551
455
2
1823
1760
2
417
818
2
1205
1415
2
1619
1820
2
1068
2088
2
55
492
2
82
221
2
1222
1832
2
1827
1240
2
1611
968
2
1244
1258
2
134
974
2
1006
786
2
1587
1819
2
872
524
2
697
129
2
202
545
2
710
876
2
1301
726
2
717
1588
2
1083
1571
2
183
1841
2
1395
1780
2
10
1143
2
283
300
2
1732
150
2
1396
1898
2
1467
1277
2
1321
1044
2
765
1709
2
850
131
2
629
1918
2
262
1300
2
1955
1428
2
1762
1373
2
650
301
2
1800
485
2
1121
1740
2
2040
76
2
161
612
2
1236
329
2
1108
885
2
852
1292
2
2138
711
2
1413
461
2
26
1631
2
1230
1039
2
598
2162
2
1614
1921
2
67
1472
2
759
1679
2
504
345
2
1328
639
2
52
1336
2
426
1948
2
833
1756
2
596
342
2
1469
2123
2
1634
1103
2
849
2072
2
224
2060
2
1695
1629
2
1526
2200
2
1527
303
2
451
1278
2
280
99
2
1856
1384
2
305
482
2
773
1768
2
705
671
2
49
402
2
2024
1204
2
1774
431
2
578
1329
2
809
2158
