2500
4900
50
75368174
1 51 128521
1 2 156222
2 52 125899
2 3 113067
3 53 145138
3 4 194349
4 54 184181
4 5 171805
5 55 118598
5 6 188985
6 56 147727
6 7 188081
7 57 158614
7 8 161032
8 58 110956
8 9 116993
9 59 195458
9 10 130383
10 60 166072
10 11 107892
11 61 124567
11 12 163887
12 62 112237
12 13 196132
13 63 178654
13 14 157941
14 64 144330
14 15 153133
15 65 186315
15 16 171268
16 66 189546
16 17 122655
17 67 113965
17 18 105043
18 68 157499
18 19 174536
19 69 119370
19 20 134025
20 70 182800
20 21 118636
21 71 174002
21 22 148570
22 72 123213
22 23 190990
23 73 135785
23 24 197807
24 74 105477
24 25 146639
25 75 148649
25 26 161210
26 76 162753
26 27 120542
27 77 137631
27 28 141605
28 78 145543
28 29 109746
29 79 140847
29 30 156227
30 80 128571
30 31 199031
31 81 116408
31 32 149849
32 82 183263
32 33 120640
33 83 168387
33 34 165953
34 84 176764
34 35 178483
35 85 160274
35 36 139240
36 86 146408
36 37 139756
37 87 156637
37 38 139772
38 88 115632
38 39 179193
39 89 161710
39 40 108194
40 90 178160
40 41 111143
41 91 118047
41 42 113200
42 92 101514
42 43 155272
43 93 158485
43 44 171614
44 94 138225
44 45 182447
45 95 128920
45 46 124269
46 96 117753
46 47 101278
47 97 159372
47 48 135632
48 98 131871
48 49 144238
49 99 169454
49 50 116082
50 100 104544
100 150 179279
100 99 148717
99 149 110737
99 98 114673
98 148 188558
98 97 117739
97 147 183233
97 96 144437
96 146 120353
96 95 138879
95 145 120486
95 94 153340
94 144 131834
94 93 183971
93 143 119873
93 92 191268
92 142 180218
92 91 133719
91 141 139378
91 90 121688
90 140 149684
90 89 129369
89 139 199117
89 88 157528
88 138 179714
88 87 132175
87 137 131078
87 86 145114
86 136 116504
86 85 187462
85 135 131796
85 84 164163
84 134 192118
84 83 170751
83 133 149918
83 82 156718
82 132 114874
82 81 135982
81 131 135012
81 80 136946
80 130 132514
80 79 146563
79 129 160072
79 78 155720
78 128 178020
78 77 123037
77 127 154202
77 76 122376
76 126 160098
76 75 178409
75 125 160681
75 74 199467
74 124 163548
74 73 184084
73 123 120047
73 72 152321
72 122 139961
72 71 152685
71 121 187765
71 70 117170
70 120 184175
70 69 101400
69 119 123977
69 68 158474
68 118 184634
68 67 104909
67 117 130085
67 66 104320
66 116 196998
66 65 137782
65 115 173700
65 64 191024
64 114 167027
64 63 161121
63 113 189069
63 62 194862
62 112 180324
62 61 197329
61 111 181333
61 60 171833
60 110 148446
60 59 116662
59 109 121281
59 58 152554
58 108 143800
58 57 183089
57 107 151060
57 56 136010
56 106 126088
56 55 104280
55 105 192722
55 54 130964
54 104 177946
54 53 110259
53 103 121680
53 52 165212
52 102 104086
52 51 130069
51 101 188117
101 151 169069
101 102 106339
102 152 146623
102 103 120146
103 153 177978
103 104 159131
104 154 167012
104 105 152368
105 155 183706
105 106 194478
106 156 136929
106 107 139387
107 157 168400
107 108 166017
108 158 109766
108 109 199588
109 159 155736
109 110 184523
110 160 141622
110 111 131152
111 161 122583
111 112 135683
112 162 145635
112 113 174234
113 163 166411
113 114 142515
114 164 164143
114 115 164278
115 165 187947
115 116 152152
116 166 175624
116 117 152240
117 167 112664
117 118 154811
118 168 105627
118 119 190165
119 169 121766
119 120 145885
120 170 169757
120 121 168643
121 171 136211
121 122 132429
122 172 136431
122 123 178541
123 173 123930
123 124 139939
124 174 131616
124 125 101948
125 175 128164
125 126 181339
126 176 167029
126 127 155408
127 177 174772
127 128 146494
128 178 119768
128 129 149874
129 179 192105
129 130 117026
130 180 126299
130 131 101089
131 181 193973
131 132 172670
132 182 137756
132 133 167540
133 183 178279
133 134 158911
134 184 172413
134 135 158365
135 185 105687
135 136 107775
136 186 131148
136 137 133319
137 187 192732
137 138 172648
138 188 148558
138 139 136110
139 189 137073
139 140 134523
140 190 178712
140 141 125504
141 191 141510
141 142 117875
142 192 155797
142 143 150383
143 193 122422
143 144 151628
144 194 138979
144 145 131346
145 195 131370
145 146 149204
146 196 131334
146 147 120218
147 197 104284
147 148 164545
148 198 118142
148 149 118082
149 199 145309
149 150 164021
150 200 157302
200 250 187335
200 199 192788
199 249 101528
199 198 102100
198 248 179833
198 197 107514
197 247 113850
197 196 153598
196 246 162003
196 195 111998
195 245 132898
195 194 106167
194 244 112869
194 193 133161
193 243 181024
193 192 122014
192 242 185027
192 191 178147
191 241 199699
191 190 146695
190 240 172553
190 189 140551
189 239 187821
189 188 118971
188 238 148120
188 187 182017
187 237 149307
187 186 131992
186 236 112509
186 185 175375
185 235 190947
185 184 159076
184 234 135340
184 183 184448
183 233 111249
183 182 143744
182 232 162352
182 181 157063
181 231 195214
181 180 157624
180 230 149101
180 179 163683
179 229 142640
179 178 140016
178 228 172973
178 177 198319
177 227 110662
177 176 179977
176 226 173162
176 175 105410
175 225 132644
175 174 170283
174 224 169418
174 173 108933
173 223 178536
173 172 134802
172 222 135892
172 171 171330
171 221 119491
171 170 127082
170 220 156953
170 169 155633
169 219 193943
169 168 195722
168 218 180566
168 167 167022
167 217 142297
167 166 104059
166 216 139069
166 165 195970
165 215 140954
165 164 151592
164 214 184156
164 163 195040
163 213 170373
163 162 108275
162 212 108612
162 161 119284
161 211 142203
161 160 136394
160 210 152798
160 159 118159
159 209 175469
159 158 120250
158 208 141511
158 157 183839
157 207 125855
157 156 123573
156 206 135532
156 155 151906
155 205 149740
155 154 188771
154 204 147522
154 153 190249
153 203 116119
153 152 158384
152 202 136668
152 151 134615
151 201 182817
201 251 129948
201 202 166285
202 252 105807
202 203 173121
203 253 184422
203 204 188753
204 254 189992
204 205 189682
205 255 119568
205 206 183820
206 256 180586
206 207 168876
207 257 169545
207 208 157659
208 258 179696
208 209 116722
209 259 161810
209 210 195368
210 260 199992
210 211 103851
211 261 145553
211 212 154038
212 262 134517
212 213 125670
213 263 151422
213 214 103030
214 264 199867
214 215 156615
215 265 113888
215 216 165603
216 266 151563
216 217 180671
217 267 137489
217 218 127699
218 268 102348
218 219 174148
219 269 184252
219 220 156140
220 270 133720
220 221 120152
221 271 187337
221 222 154707
222 272 143976
222 223 132178
223 273 168071
223 224 166605
224 274 155989
224 225 123728
225 275 195251
225 226 171397
226 276 183936
226 227 161350
227 277 128446
227 228 183233
228 278 154511
228 229 184926
229 279 174027
229 230 135412
230 280 194757
230 231 153962
231 281 193011
231 232 199956
232 282 182853
232 233 196566
233 283 192348
233 234 198782
234 284 185403
234 235 183568
235 285 188195
235 236 131685
236 286 142719
236 237 112642
237 287 179863
237 238 132340
238 288 120329
238 239 122886
239 289 122558
239 240 132710
240 290 126798
240 241 199143
241 291 129046
241 242 193857
242 292 137979
242 243 132159
243 293 158527
243 244 188105
244 294 123303
244 245 120072
245 295 101376
245 246 120177
246 296 162197
246 247 108663
247 297 126486
247 248 194699
248 298 172981
248 249 156248
249 299 102584
249 250 182163
250 300 172705
300 350 199269
300 299 186977
299 349 167272
299 298 115036
298 348 175054
298 297 136079
297 347 177272
297 296 149550
296 346 184199
296 295 131571
295 345 102361
295 294 181502
294 344 132576
294 293 120965
293 343 141364
293 292 161282
292 342 123149
292 291 115587
291 341 169164
291 290 114144
290 340 121382
290 289 145122
289 339 117163
289 288 131687
288 338 110904
288 287 164948
287 337 187102
287 286 125763
286 336 173732
286 285 196376
285 335 109106
285 284 198788
284 334 124317
284 283 117077
283 333 193190
283 282 142119
282 332 151941
282 281 108176
281 331 100003
281 280 181907
280 330 138032
280 279 122319
279 329 157171
279 278 146539
278 328 185268
278 277 172348
277 327 133158
277 276 107847
276 326 139916
276 275 128683
275 325 100840
275 274 190247
274 324 166718
274 273 194244
273 323 110355
273 272 160012
272 322 192896
272 271 175491
271 321 173320
271 270 178209
270 320 159759
270 269 106661
269 319 171379
269 268 185570
268 318 131680
268 267 165495
267 317 140277
267 266 185686
266 316 179017
266 265 150612
265 315 132712
265 264 170680
264 314 125439
264 263 158469
263 313 164080
263 262 147562
262 312 137540
262 261 114291
261 311 129025
261 260 161111
260 310 191064
260 259 130178
259 309 151935
259 258 159659
258 308 113923
258 257 110992
257 307 117205
257 256 164123
256 306 176751
256 255 189809
255 305 106929
255 254 129330
254 304 103206
254 253 166071
253 303 189019
253 252 104523
252 302 199358
252 251 132989
251 301 101619
301 351 145423
301 302 165408
302 352 146565
302 303 115607
303 353 152515
303 304 108334
304 354 133070
304 305 160706
305 355 144810
305 306 176035
306 356 126089
306 307 182800
307 357 112734
307 308 103307
308 358 124837
308 309 186802
309 359 149195
309 310 163317
310 360 122294
310 311 149100
311 361 139528
311 312 120954
312 362 154507
312 313 182549
313 363 105396
313 314 147923
314 364 170058
314 315 166738
315 365 132603
315 316 142438
316 366 136274
316 317 139734
317 367 132382
317 318 119685
318 368 173366
318 319 117277
319 369 154533
319 320 154300
320 370 187148
320 321 101695
321 371 128320
321 322 160656
322 372 106747
322 323 155038
323 373 119823
323 324 187644
324 374 151556
324 325 105427
325 375 149075
325 326 180201
326 376 164073
326 327 176492
327 377 198027
327 328 121520
328 378 154773
328 329 147810
329 379 120055
329 330 123413
330 380 106522
330 331 172378
331 381 152464
331 332 185277
332 382 181160
332 333 127410
333 383 130013
333 334 195587
334 384 123235
334 335 124419
335 385 172406
335 336 116729
336 386 124180
336 337 154499
337 387 100899
337 338 182417
338 388 175514
338 339 131542
339 389 107547
339 340 110904
340 390 190535
340 341 197415
341 391 147522
341 342 194358
342 392 109556
342 343 135965
343 393 186026
343 344 128129
344 394 174178
344 345 193792
345 395 178113
345 346 122157
346 396 122715
346 347 173782
347 397 176637
347 348 171596
348 398 172067
348 349 170029
349 399 136030
349 350 139747
350 400 148058
400 450 136901
400 399 189131
399 449 191310
399 398 119601
398 448 198448
398 397 194321
397 447 123225
397 396 126719
396 446 156707
396 395 173300
395 445 146251
395 394 141722
394 444 129676
394 393 156711
393 443 180677
393 392 155534
392 442 138080
392 391 161512
391 441 101627
391 390 128365
390 440 104239
390 389 101099
389 439 126362
389 388 126866
388 438 192153
388 387 137818
387 437 126572
387 386 101857
386 436 155539
386 385 151117
385 435 154986
385 384 147233
384 434 111784
384 383 187611
383 433 104060
383 382 145640
382 432 196473
382 381 126616
381 431 135715
381 380 188104
380 430 196368
380 379 122183
379 429 138308
379 378 133985
378 428 137553
378 377 184704
377 427 182685
377 376 101517
376 426 129553
376 375 108295
375 425 190442
375 374 104354
374 424 189192
374 373 169599
373 423 193196
373 372 114251
372 422 130372
372 371 190541
371 421 115713
371 370 131137
370 420 107789
370 369 197466
369 419 154257
369 368 150406
368 418 172938
368 367 136118
367 417 120775
367 366 114555
366 416 188650
366 365 178670
365 415 142790
365 364 178448
364 414 157066
364 363 112340
363 413 175171
363 362 190077
362 412 115668
362 361 103163
361 411 193326
361 360 154498
360 410 129156
360 359 117080
359 409 109619
359 358 131947
358 408 120094
358 357 113924
357 407 155763
357 356 103337
356 406 158580
356 355 113264
355 405 120549
355 354 162357
354 404 116965
354 353 164731
353 403 186105
353 352 131474
352 402 137402
352 351 154602
351 401 136824
401 451 174861
401 402 105955
402 452 158901
402 403 174585
403 453 122219
403 404 148472
404 454 188342
404 405 125713
405 455 108492
405 406 143689
406 456 100200
406 407 119203
407 457 193678
407 408 141513
408 458 131644
408 409 120976
409 459 164744
409 410 145011
410 460 179688
410 411 199908
411 461 133857
411 412 124158
412 462 128680
412 413 112316
413 463 117705
413 414 165330
414 464 193294
414 415 118571
415 465 116684
415 416 115214
416 466 136320
416 417 176546
417 467 179832
417 418 177166
418 468 146979
418 419 178304
419 469 100854
419 420 108321
420 470 165263
420 421 184469
421 471 131069
421 422 131679
422 472 178813
422 423 190044
423 473 123098
423 424 130578
424 474 146694
424 425 126843
425 475 184167
425 426 114029
426 476 172846
426 427 169878
427 477 184957
427 428 178152
428 478 171643
428 429 104816
429 479 155859
429 430 180548
430 480 172202
430 431 107544
431 481 111300
431 432 171172
432 482 109254
432 433 154791
433 483 114023
433 434 115679
434 484 126262
434 435 178049
435 485 101134
435 436 119384
436 486 132185
436 437 110211
437 487 199219
437 438 170621
438 488 124850
438 439 162346
439 489 193041
439 440 177758
440 490 150906
440 441 165113
441 491 111325
441 442 117772
442 492 168279
442 443 120471
443 493 169598
443 444 157752
444 494 196092
444 445 177035
445 495 133110
445 446 192679
446 496 160605
446 447 174614
447 497 192835
447 448 172076
448 498 118630
448 449 106941
449 499 114998
449 450 108402
450 500 143421
500 550 138647
500 499 127896
499 549 108784
499 498 100978
498 548 180428
498 497 133316
497 547 158625
497 496 124849
496 546 171474
496 495 139671
495 545 184085
495 494 115718
494 544 121888
494 493 197565
493 543 116252
493 492 196605
492 542 184304
492 491 178993
491 541 186987
491 490 117402
490 540 119644
490 489 127844
489 539 106022
489 488 114986
488 538 152844
488 487 127316
487 537 134654
487 486 118362
486 536 135981
486 485 171187
485 535 151108
485 484 195589
484 534 183255
484 483 152062
483 533 139198
483 482 119056
482 532 160747
482 481 150421
481 531 198708
481 480 152121
480 530 198203
480 479 137511
479 529 158139
479 478 192545
478 528 142858
478 477 166468
477 527 184808
477 476 146797
476 526 181627
476 475 133025
475 525 184842
475 474 178040
474 524 151741
474 473 103838
473 523 117557
473 472 198764
472 522 180844
472 471 103547
471 521 131135
471 470 144527
470 520 108000
470 469 158143
469 519 115017
469 468 160435
468 518 169887
468 467 198735
467 517 166765
467 466 130830
466 516 126590
466 465 164648
465 515 122359
465 464 139706
464 514 174480
464 463 197610
463 513 187960
463 462 133048
462 512 111546
462 461 199505
461 511 142679
461 460 153583
460 510 179723
460 459 192335
459 509 173491
459 458 199201
458 508 179980
458 457 104632
457 507 185318
457 456 152754
456 506 173475
456 455 183065
455 505 182375
455 454 168559
454 504 165637
454 453 107829
453 503 143682
453 452 198565
452 502 122122
452 451 183495
451 501 184408
501 551 138189
501 502 125409
502 552 164266
502 503 157381
503 553 144924
503 504 197836
504 554 109026
504 505 173668
505 555 108811
505 506 173330
506 556 199235
506 507 131277
507 557 195710
507 508 112180
508 558 192164
508 509 177508
509 559 160662
509 510 185452
510 560 196300
510 511 177364
511 561 120249
511 512 177298
512 562 104618
512 513 190947
513 563 111299
513 514 195913
514 564 123673
514 515 110485
515 565 198394
515 516 101632
516 566 109242
516 517 168683
517 567 163911
517 518 169393
518 568 165265
518 519 162767
519 569 140863
519 520 151338
520 570 189202
520 521 164521
521 571 101519
521 522 138249
522 572 197120
522 523 138107
523 573 177331
523 524 167068
524 574 172351
524 525 177952
525 575 116981
525 526 146311
526 576 134602
526 527 146293
527 577 139140
527 528 179841
528 578 195698
528 529 104372
529 579 188112
529 530 135611
530 580 188266
530 531 136898
531 581 186001
531 532 127371
532 582 115273
532 533 151179
533 583 184304
533 534 147074
534 584 140192
534 535 112062
535 585 188858
535 536 111828
536 586 189523
536 537 197212
537 587 101841
537 538 137468
538 588 193690
538 539 197848
539 589 171669
539 540 145862
540 590 174106
540 541 145614
541 591 164267
541 542 178089
542 592 137577
542 543 151727
543 593 151611
543 544 166858
544 594 192795
544 545 100130
545 595 143835
545 546 151216
546 596 185060
546 547 175708
547 597 105551
547 548 106302
548 598 133978
548 549 197113
549 599 104867
549 550 144574
550 600 191800
600 650 103507
600 599 119997
599 649 104694
599 598 171669
598 648 139729
598 597 103311
597 647 149752
597 596 112442
596 646 133637
596 595 102398
595 645 108063
595 594 176020
594 644 130481
594 593 151999
593 643 195171
593 592 189744
592 642 164004
592 591 104406
591 641 136834
591 590 170543
590 640 107938
590 589 163142
589 639 177570
589 588 158086
588 638 146211
588 587 139046
587 637 126804
587 586 166560
586 636 150532
586 585 118038
585 635 180996
585 584 174624
584 634 158067
584 583 128570
583 633 103634
583 582 109854
582 632 149746
582 581 187004
581 631 117092
581 580 169039
580 630 188885
580 579 189053
579 629 188484
579 578 166435
578 628 100941
578 577 129693
577 627 181914
577 576 140735
576 626 162484
576 575 134579
575 625 164210
575 574 186173
574 624 153781
574 573 171100
573 623 128060
573 572 171536
572 622 107049
572 571 197580
571 621 153819
571 570 147451
570 620 184789
570 569 199354
569 619 103463
569 568 100878
568 618 107212
568 567 124150
567 617 144450
567 566 192411
566 616 172658
566 565 130093
565 615 116730
565 564 163207
564 614 199053
564 563 194627
563 613 118160
563 562 174759
562 612 160984
562 561 128260
561 611 124582
561 560 170261
560 610 166017
560 559 126162
559 609 166748
559 558 130782
558 608 148877
558 557 173410
557 607 116061
557 556 121510
556 606 198615
556 555 148723
555 605 165755
555 554 175781
554 604 103255
554 553 150942
553 603 176080
553 552 198453
552 602 146901
552 551 132383
551 601 120913
601 651 142971
601 602 167902
602 652 127580
602 603 183070
603 653 173134
603 604 103945
604 654 111831
604 605 122439
605 655 198626
605 606 156196
606 656 156230
606 607 111268
607 657 170370
607 608 132463
608 658 194801
608 609 185272
609 659 127986
609 610 120450
610 660 185436
610 611 105544
611 661 149460
611 612 194229
612 662 185512
612 613 191905
613 663 157961
613 614 158343
614 664 138329
614 615 132617
615 665 158572
615 616 120479
616 666 155220
616 617 148481
617 667 193225
617 618 181157
618 668 108281
618 619 193749
619 669 148861
619 620 160419
620 670 161761
620 621 108552
621 671 116881
621 622 189714
622 672 116895
622 623 141957
623 673 145513
623 624 112632
624 674 166290
624 625 124236
625 675 160367
625 626 118601
626 676 119878
626 627 196910
627 677 105930
627 628 185073
628 678 124523
628 629 126760
629 679 161882
629 630 178869
630 680 167825
630 631 172464
631 681 195254
631 632 181476
632 682 188633
632 633 141727
633 683 190752
633 634 191231
634 684 192937
634 635 124351
635 685 189212
635 636 121751
636 686 126179
636 637 104673
637 687 130734
637 638 113849
638 688 115463
638 639 199420
639 689 156338
639 640 190149
640 690 191720
640 641 192900
641 691 108706
641 642 111155
642 692 157336
642 643 108799
643 693 143122
643 644 107286
644 694 115542
644 645 143953
645 695 150044
645 646 133084
646 696 115354
646 647 192783
647 697 152787
647 648 125370
648 698 144433
648 649 133431
649 699 101801
649 650 195449
650 700 113921
700 750 160717
700 699 135353
699 749 155043
699 698 194220
698 748 172643
698 697 127807
697 747 194868
697 696 127460
696 746 196136
696 695 158259
695 745 165670
695 694 183691
694 744 109270
694 693 125933
693 743 154619
693 692 154853
692 742 111966
692 691 150269
691 741 125981
691 690 107809
690 740 132768
690 689 127440
689 739 127275
689 688 163714
688 738 100023
688 687 115383
687 737 143317
687 686 166950
686 736 144929
686 685 125386
685 735 126908
685 684 154075
684 734 133439
684 683 195730
683 733 104213
683 682 134530
682 732 146073
682 681 133058
681 731 145098
681 680 132927
680 730 190618
680 679 153295
679 729 162886
679 678 154229
678 728 142534
678 677 145826
677 727 112179
677 676 106340
676 726 100577
676 675 122621
675 725 185433
675 674 126206
674 724 193645
674 673 141785
673 723 178819
673 672 128396
672 722 139434
672 671 115711
671 721 141039
671 670 152388
670 720 111649
670 669 142086
669 719 173754
669 668 126581
668 718 117226
668 667 133033
667 717 109854
667 666 194216
666 716 148898
666 665 150038
665 715 161337
665 664 159143
664 714 146992
664 663 177011
663 713 185207
663 662 163992
662 712 131503
662 661 105410
661 711 138558
661 660 163659
660 710 173096
660 659 156087
659 709 141500
659 658 118513
658 708 102942
658 657 135936
657 707 155696
657 656 151370
656 706 155304
656 655 129587
655 705 148733
655 654 133257
654 704 157177
654 653 151551
653 703 166161
653 652 136444
652 702 184430
652 651 166060
651 701 107611
701 751 173253
701 702 142564
702 752 102979
702 703 149985
703 753 122450
703 704 136200
704 754 139611
704 705 106963
705 755 187491
705 706 145651
706 756 166716
706 707 178802
707 757 145473
707 708 128307
708 758 136024
708 709 102281
709 759 197695
709 710 172431
710 760 182559
710 711 127729
711 761 141227
711 712 104610
712 762 118907
712 713 134489
713 763 107011
713 714 163962
714 764 164256
714 715 160625
715 765 143526
715 716 123778
716 766 174385
716 717 191211
717 767 192774
717 718 166086
718 768 116752
718 719 181673
719 769 107542
719 720 151932
720 770 137924
720 721 174054
721 771 153951
721 722 136328
722 772 117959
722 723 175848
723 773 184340
723 724 191437
724 774 180505
724 725 178030
725 775 121661
725 726 195402
726 776 179447
726 727 102384
727 777 147065
727 728 105199
728 778 194895
728 729 182705
729 779 148799
729 730 140571
730 780 123179
730 731 192626
731 781 187993
731 732 199691
732 782 129858
732 733 105483
733 783 189465
733 734 155213
734 784 171245
734 735 195759
735 785 146371
735 736 194635
736 786 125539
736 737 184340
737 787 183156
737 738 115774
738 788 188151
738 739 177775
739 789 113628
739 740 114814
740 790 176029
740 741 178227
741 791 179477
741 742 151342
742 792 107513
742 743 180173
743 793 143189
743 744 143404
744 794 106807
744 745 147970
745 795 175226
745 746 132285
746 796 185293
746 747 183696
747 797 152692
747 748 115769
748 798 197396
748 749 198317
749 799 174665
749 750 113734
750 800 135670
800 850 163349
800 799 196723
799 849 108462
799 798 106930
798 848 182222
798 797 100917
797 847 119344
797 796 132661
796 846 132229
796 795 193228
795 845 122005
795 794 183357
794 844 180447
794 793 143877
793 843 162134
793 792 187360
792 842 142904
792 791 196758
791 841 196599
791 790 112736
790 840 154927
790 789 133864
789 839 148981
789 788 174572
788 838 133831
788 787 134999
787 837 198118
787 786 184288
786 836 176126
786 785 143204
785 835 195127
785 784 193880
784 834 119633
784 783 151007
783 833 190194
783 782 181981
782 832 105305
782 781 199180
781 831 108276
781 780 132549
780 830 131406
780 779 116599
779 829 178180
779 778 123429
778 828 103092
778 777 109991
777 827 130629
777 776 190406
776 826 140002
776 775 103215
775 825 168877
775 774 194771
774 824 134731
774 773 141629
773 823 125799
773 772 151806
772 822 128668
772 771 125712
771 821 171371
771 770 174986
770 820 165395
770 769 144504
769 819 189669
769 768 170447
768 818 103640
768 767 195626
767 817 146388
767 766 165491
766 816 124934
766 765 138973
765 815 176494
765 764 141737
764 814 195775
764 763 113934
763 813 120323
763 762 115690
762 812 134666
762 761 100821
761 811 106761
761 760 107390
760 810 122762
760 759 171986
759 809 144033
759 758 136874
758 808 140111
758 757 143644
757 807 131694
757 756 165505
756 806 122275
756 755 197060
755 805 159712
755 754 148318
754 804 141518
754 753 199850
753 803 192714
753 752 112121
752 802 180631
752 751 196052
751 801 136970
801 851 153337
801 802 192818
802 852 120499
802 803 132943
803 853 100949
803 804 171329
804 854 128708
804 805 160618
805 855 166830
805 806 162921
806 856 184411
806 807 159950
807 857 156014
807 808 121617
808 858 117167
808 809 131883
809 859 145998
809 810 175645
810 860 116843
810 811 194341
811 861 175894
811 812 131647
812 862 130423
812 813 154948
813 863 143024
813 814 102583
814 864 159669
814 815 102539
815 865 188543
815 816 113320
816 866 191416
816 817 190862
817 867 197175
817 818 174243
818 868 174712
818 819 164294
819 869 161921
819 820 125260
820 870 163933
820 821 196283
821 871 196021
821 822 148485
822 872 138433
822 823 134547
823 873 183539
823 824 196665
824 874 193958
824 825 166084
825 875 184250
825 826 167833
826 876 128866
826 827 163999
827 877 102064
827 828 108886
828 878 132549
828 829 160944
829 879 111344
829 830 179683
830 880 193408
830 831 102130
831 881 169274
831 832 155217
832 882 159060
832 833 120516
833 883 173806
833 834 186322
834 884 181117
834 835 177089
835 885 156098
835 836 158332
836 886 137430
836 837 193596
837 887 178005
837 838 116956
838 888 166498
838 839 131006
839 889 155415
839 840 116218
840 890 149102
840 841 100942
841 891 127654
841 842 195539
842 892 196134
842 843 186065
843 893 140090
843 844 132505
844 894 187273
844 845 132183
845 895 109220
845 846 104318
846 896 158409
846 847 163961
847 897 150220
847 848 159311
848 898 136054
848 849 124084
849 899 199956
849 850 134215
850 900 142889
900 950 141050
900 899 128522
899 949 139577
899 898 131346
898 948 197096
898 897 155318
897 947 176831
897 896 157524
896 946 112283
896 895 197310
895 945 153344
895 894 129723
894 944 187585
894 893 170195
893 943 132635
893 892 194092
892 942 142546
892 891 172570
891 941 138693
891 890 117177
890 940 151588
890 889 139146
889 939 156357
889 888 178755
888 938 112577
888 887 186788
887 937 186127
887 886 193325
886 936 180241
886 885 125619
885 935 151825
885 884 139908
884 934 149982
884 883 117215
883 933 196409
883 882 138813
882 932 190974
882 881 194861
881 931 184952
881 880 130483
880 930 118169
880 879 109601
879 929 145895
879 878 144808
878 928 168259
878 877 139572
877 927 188877
877 876 157563
876 926 156092
876 875 101476
875 925 109071
875 874 143088
874 924 158517
874 873 121746
873 923 181963
873 872 139689
872 922 144748
872 871 173395
871 921 122634
871 870 154632
870 920 178299
870 869 107847
869 919 107040
869 868 189654
868 918 164378
868 867 189529
867 917 160439
867 866 168559
866 916 196959
866 865 112341
865 915 170773
865 864 188084
864 914 167359
864 863 131570
863 913 140962
863 862 155442
862 912 183280
862 861 124555
861 911 105276
861 860 137223
860 910 160986
860 859 161761
859 909 160924
859 858 180048
858 908 191627
858 857 102391
857 907 143873
857 856 131151
856 906 143589
856 855 136917
855 905 192076
855 854 151330
854 904 145015
854 853 173858
853 903 191563
853 852 104433
852 902 155829
852 851 127860
851 901 153981
901 951 131711
901 902 163179
902 952 190546
902 903 104020
903 953 196997
903 904 115990
904 954 136524
904 905 128992
905 955 144846
905 906 173826
906 956 158850
906 907 103573
907 957 198704
907 908 143425
908 958 173169
908 909 102792
909 959 132296
909 910 108912
910 960 101522
910 911 164972
911 961 126775
911 912 136639
912 962 153286
912 913 174503
913 963 149776
913 914 116056
914 964 169182
914 915 139257
915 965 128254
915 916 108790
916 966 193014
916 917 127306
917 967 132115
917 918 178854
918 968 183676
918 919 130242
919 969 182908
919 920 136623
920 970 142115
920 921 118851
921 971 136122
921 922 164714
922 972 145883
922 923 150086
923 973 190703
923 924 174349
924 974 161825
924 925 103663
925 975 116300
925 926 174007
926 976 146010
926 927 120202
927 977 100437
927 928 182373
928 978 136774
928 929 118281
929 979 119121
929 930 101629
930 980 167964
930 931 189830
931 981 129315
931 932 172128
932 982 168181
932 933 137821
933 983 196266
933 934 160183
934 984 173168
934 935 107282
935 985 185223
935 936 119830
936 986 116946
936 937 196535
937 987 191655
937 938 189907
938 988 105560
938 939 124360
939 989 189383
939 940 101164
940 990 197570
940 941 157224
941 991 151055
941 942 141426
942 992 199863
942 943 102810
943 993 143907
943 944 100276
944 994 155504
944 945 157109
945 995 144222
945 946 157915
946 996 100089
946 947 128532
947 997 172142
947 948 153591
948 998 193028
948 949 184913
949 999 191884
949 950 129531
950 1000 194703
1000 1050 152243
1000 999 168664
999 1049 195715
999 998 156711
998 1048 159503
998 997 194115
997 1047 142332
997 996 121807
996 1046 156173
996 995 182568
995 1045 131882
995 994 171206
994 1044 163506
994 993 102086
993 1043 197782
993 992 182677
992 1042 194313
992 991 113674
991 1041 114146
991 990 154419
990 1040 147194
990 989 108194
989 1039 161133
989 988 172820
988 1038 130762
988 987 196078
987 1037 130605
987 986 113969
986 1036 118821
986 985 107609
985 1035 124448
985 984 168442
984 1034 157696
984 983 164398
983 1033 134081
983 982 110743
982 1032 110018
982 981 105558
981 1031 194393
981 980 152954
980 1030 144925
980 979 116840
979 1029 105987
979 978 194101
978 1028 132075
978 977 105503
977 1027 122947
977 976 100037
976 1026 154899
976 975 136146
975 1025 199916
975 974 102534
974 1024 160968
974 973 188320
973 1023 183272
973 972 167047
972 1022 119975
972 971 124921
971 1021 156763
971 970 117167
970 1020 185169
970 969 112791
969 1019 110705
969 968 193093
968 1018 166299
968 967 186779
967 1017 160290
967 966 175397
966 1016 198109
966 965 125933
965 1015 107668
965 964 143561
964 1014 180046
964 963 120128
963 1013 150415
963 962 195932
962 1012 175145
962 961 135742
961 1011 113775
961 960 179849
960 1010 137810
960 959 130395
959 1009 108678
959 958 191028
958 1008 149445
958 957 151254
957 1007 132958
957 956 110619
956 1006 154892
956 955 154937
955 1005 116851
955 954 147622
954 1004 180565
954 953 124605
953 1003 142142
953 952 147905
952 1002 182507
952 951 149180
951 1001 124896
1001 1051 128310
1001 1002 183253
1002 1052 109633
1002 1003 151065
1003 1053 112975
1003 1004 189530
1004 1054 110599
1004 1005 160116
1005 1055 195587
1005 1006 119433
1006 1056 104918
1006 1007 131863
1007 1057 193898
1007 1008 196106
1008 1058 120154
1008 1009 149956
1009 1059 193275
1009 1010 107806
1010 1060 143609
1010 1011 154879
1011 1061 190913
1011 1012 135515
1012 1062 139859
1012 1013 193180
1013 1063 198341
1013 1014 177294
1014 1064 171369
1014 1015 127626
1015 1065 189842
1015 1016 196054
1016 1066 169838
1016 1017 131757
1017 1067 130092
1017 1018 153260
1018 1068 121149
1018 1019 196848
1019 1069 117184
1019 1020 158991
1020 1070 147279
1020 1021 163622
1021 1071 109445
1021 1022 167580
1022 1072 180211
1022 1023 127420
1023 1073 122195
1023 1024 131168
1024 1074 167069
1024 1025 173510
1025 1075 175819
1025 1026 120162
1026 1076 199790
1026 1027 111702
1027 1077 126395
1027 1028 147205
1028 1078 101583
1028 1029 120872
1029 1079 195744
1029 1030 112120
1030 1080 149268
1030 1031 186449
1031 1081 135927
1031 1032 133663
1032 1082 140340
1032 1033 198867
1033 1083 143346
1033 1034 137498
1034 1084 121625
1034 1035 158864
1035 1085 144846
1035 1036 149571
1036 1086 139890
1036 1037 129130
1037 1087 140565
1037 1038 176480
1038 1088 156138
1038 1039 172600
1039 1089 155486
1039 1040 191192
1040 1090 150042
1040 1041 157107
1041 1091 113914
1041 1042 126420
1042 1092 109321
1042 1043 109865
1043 1093 160345
1043 1044 139388
1044 1094 195702
1044 1045 169838
1045 1095 146580
1045 1046 157981
1046 1096 185476
1046 1047 121489
1047 1097 112046
1047 1048 102154
1048 1098 197890
1048 1049 179106
1049 1099 150773
1049 1050 171409
1050 1100 157040
1100 1150 190178
1100 1099 135881
1099 1149 152469
1099 1098 186320
1098 1148 195757
1098 1097 161741
1097 1147 121069
1097 1096 138195
1096 1146 126953
1096 1095 174559
1095 1145 183980
1095 1094 179972
1094 1144 199559
1094 1093 169496
1093 1143 104060
1093 1092 186017
1092 1142 147080
1092 1091 113975
1091 1141 138816
1091 1090 180859
1090 1140 147089
1090 1089 197246
1089 1139 110045
1089 1088 155382
1088 1138 158879
1088 1087 147269
1087 1137 113347
1087 1086 193489
1086 1136 118055
1086 1085 194968
1085 1135 160964
1085 1084 197214
1084 1134 178148
1084 1083 192028
1083 1133 106743
1083 1082 185577
1082 1132 172219
1082 1081 182183
1081 1131 190231
1081 1080 123518
1080 1130 167291
1080 1079 186826
1079 1129 181303
1079 1078 140366
1078 1128 116562
1078 1077 164995
1077 1127 106522
1077 1076 121569
1076 1126 120180
1076 1075 185440
1075 1125 110758
1075 1074 137898
1074 1124 178689
1074 1073 197955
1073 1123 124203
1073 1072 144254
1072 1122 186107
1072 1071 124135
1071 1121 139019
1071 1070 187769
1070 1120 170577
1070 1069 182670
1069 1119 173263
1069 1068 134998
1068 1118 174392
1068 1067 166758
1067 1117 198161
1067 1066 116854
1066 1116 131780
1066 1065 137582
1065 1115 121148
1065 1064 145517
1064 1114 119969
1064 1063 142557
1063 1113 170703
1063 1062 194044
1062 1112 198237
1062 1061 102032
1061 1111 154645
1061 1060 109704
1060 1110 176766
1060 1059 181827
1059 1109 160110
1059 1058 189493
1058 1108 196848
1058 1057 180521
1057 1107 163660
1057 1056 148793
1056 1106 163120
1056 1055 140318
1055 1105 195678
1055 1054 138585
1054 1104 134061
1054 1053 181499
1053 1103 181662
1053 1052 158877
1052 1102 115133
1052 1051 199388
1051 1101 144650
1101 1151 119964
1101 1102 112814
1102 1152 106324
1102 1103 124695
1103 1153 197855
1103 1104 123158
1104 1154 138798
1104 1105 186763
1105 1155 104218
1105 1106 185751
1106 1156 155446
1106 1107 177053
1107 1157 127201
1107 1108 184901
1108 1158 160224
1108 1109 175237
1109 1159 197866
1109 1110 128895
1110 1160 167972
1110 1111 145091
1111 1161 112946
1111 1112 199207
1112 1162 187524
1112 1113 188577
1113 1163 136292
1113 1114 191059
1114 1164 191311
1114 1115 180977
1115 1165 159843
1115 1116 197378
1116 1166 192443
1116 1117 135470
1117 1167 196269
1117 1118 125623
1118 1168 140483
1118 1119 181736
1119 1169 174522
1119 1120 120024
1120 1170 171993
1120 1121 193108
1121 1171 154540
1121 1122 145046
1122 1172 182965
1122 1123 149965
1123 1173 126826
1123 1124 195067
1124 1174 185331
1124 1125 114860
1125 1175 195958
1125 1126 176826
1126 1176 145422
1126 1127 172815
1127 1177 115399
1127 1128 183370
1128 1178 155189
1128 1129 132039
1129 1179 123584
1129 1130 114284
1130 1180 142764
1130 1131 166084
1131 1181 122712
1131 1132 125734
1132 1182 160752
1132 1133 166195
1133 1183 196928
1133 1134 148320
1134 1184 106863
1134 1135 194991
1135 1185 190431
1135 1136 176378
1136 1186 151516
1136 1137 194039
1137 1187 151968
1137 1138 128180
1138 1188 150204
1138 1139 138686
1139 1189 176954
1139 1140 159845
1140 1190 177767
1140 1141 184962
1141 1191 134870
1141 1142 162179
1142 1192 132379
1142 1143 170949
1143 1193 174071
1143 1144 177312
1144 1194 137240
1144 1145 103196
1145 1195 107243
1145 1146 111263
1146 1196 152079
1146 1147 181323
1147 1197 116585
1147 1148 121791
1148 1198 120506
1148 1149 198740
1149 1199 104057
1149 1150 163267
1150 1200 110942
1200 1250 121733
1200 1199 194894
1199 1249 115630
1199 1198 103979
1198 1248 180391
1198 1197 123257
1197 1247 130752
1197 1196 113923
1196 1246 135826
1196 1195 146119
1195 1245 145430
1195 1194 194620
1194 1244 130092
1194 1193 160795
1193 1243 186678
1193 1192 155962
1192 1242 190530
1192 1191 143329
1191 1241 100741
1191 1190 193689
1190 1240 166120
1190 1189 156771
1189 1239 132487
1189 1188 143980
1188 1238 129488
1188 1187 190434
1187 1237 186536
1187 1186 136656
1186 1236 168095
1186 1185 166493
1185 1235 110055
1185 1184 122967
1184 1234 189908
1184 1183 167057
1183 1233 174327
1183 1182 100732
1182 1232 119100
1182 1181 136225
1181 1231 106239
1181 1180 160095
1180 1230 104066
1180 1179 139063
1179 1229 101056
1179 1178 108728
1178 1228 120046
1178 1177 188866
1177 1227 107958
1177 1176 116730
1176 1226 140707
1176 1175 103063
1175 1225 194555
1175 1174 185145
1174 1224 150427
1174 1173 172707
1173 1223 108633
1173 1172 117140
1172 1222 172227
1172 1171 155330
1171 1221 114377
1171 1170 193508
1170 1220 159129
1170 1169 133687
1169 1219 104534
1169 1168 104827
1168 1218 180109
1168 1167 172308
1167 1217 131899
1167 1166 185637
1166 1216 122904
1166 1165 118037
1165 1215 113485
1165 1164 158668
1164 1214 109450
1164 1163 139436
1163 1213 173826
1163 1162 194674
1162 1212 147838
1162 1161 134065
1161 1211 191696
1161 1160 173800
1160 1210 131941
1160 1159 187905
1159 1209 145658
1159 1158 163159
1158 1208 137582
1158 1157 179671
1157 1207 153409
1157 1156 155710
1156 1206 170503
1156 1155 198318
1155 1205 187987
1155 1154 197084
1154 1204 102917
1154 1153 199449
1153 1203 171832
1153 1152 141841
1152 1202 170099
1152 1151 132502
1151 1201 149537
1201 1251 119542
1201 1202 155449
1202 1252 165693
1202 1203 176537
1203 1253 116799
1203 1204 158285
1204 1254 187094
1204 1205 124364
1205 1255 138824
1205 1206 156816
1206 1256 131277
1206 1207 129397
1207 1257 141401
1207 1208 168975
1208 1258 163574
1208 1209 181432
1209 1259 150601
1209 1210 115661
1210 1260 173889
1210 1211 130001
1211 1261 141939
1211 1212 174594
1212 1262 149033
1212 1213 178341
1213 1263 144956
1213 1214 132453
1214 1264 154308
1214 1215 157206
1215 1265 128574
1215 1216 100156
1216 1266 184947
1216 1217 141792
1217 1267 138595
1217 1218 126184
1218 1268 181711
1218 1219 109110
1219 1269 168041
1219 1220 104371
1220 1270 136058
1220 1221 109146
1221 1271 184340
1221 1222 193965
1222 1272 115528
1222 1223 128740
1223 1273 130260
1223 1224 145088
1224 1274 154421
1224 1225 135594
1225 1275 188491
1225 1226 119174
1226 1276 127879
1226 1227 162492
1227 1277 109055
1227 1228 130740
1228 1278 177162
1228 1229 196538
1229 1279 181879
1229 1230 181344
1230 1280 175360
1230 1231 120490
1231 1281 196550
1231 1232 184177
1232 1282 177604
1232 1233 136603
1233 1283 178383
1233 1234 199993
1234 1284 193122
1234 1235 138234
1235 1285 148111
1235 1236 174240
1236 1286 155688
1236 1237 188145
1237 1287 197830
1237 1238 158981
1238 1288 175535
1238 1239 165808
1239 1289 188675
1239 1240 183129
1240 1290 148555
1240 1241 129103
1241 1291 168628
1241 1242 166902
1242 1292 198582
1242 1243 109335
1243 1293 108896
1243 1244 105974
1244 1294 107412
1244 1245 151867
1245 1295 121051
1245 1246 128504
1246 1296 175261
1246 1247 174587
1247 1297 174060
1247 1248 162391
1248 1298 107418
1248 1249 160292
1249 1299 135218
1249 1250 193884
1250 1300 124085
1300 1350 130483
1300 1299 158848
1299 1349 166144
1299 1298 126974
1298 1348 179793
1298 1297 135337
1297 1347 196056
1297 1296 110414
1296 1346 152581
1296 1295 144748
1295 1345 199602
1295 1294 198617
1294 1344 142129
1294 1293 177289
1293 1343 156504
1293 1292 194747
1292 1342 119114
1292 1291 106096
1291 1341 164839
1291 1290 121939
1290 1340 181149
1290 1289 113480
1289 1339 167146
1289 1288 189757
1288 1338 179334
1288 1287 116259
1287 1337 148078
1287 1286 141247
1286 1336 161796
1286 1285 131128
1285 1335 106416
1285 1284 131434
1284 1334 176005
1284 1283 178822
1283 1333 151734
1283 1282 150464
1282 1332 142101
1282 1281 100452
1281 1331 162556
1281 1280 199026
1280 1330 130308
1280 1279 190067
1279 1329 191100
1279 1278 173226
1278 1328 131245
1278 1277 192216
1277 1327 124316
1277 1276 192943
1276 1326 190678
1276 1275 182770
1275 1325 133809
1275 1274 190819
1274 1324 155251
1274 1273 150407
1273 1323 137387
1273 1272 139682
1272 1322 140981
1272 1271 165056
1271 1321 140153
1271 1270 199066
1270 1320 132442
1270 1269 145243
1269 1319 138864
1269 1268 147346
1268 1318 146812
1268 1267 156461
1267 1317 129044
1267 1266 136502
1266 1316 122482
1266 1265 194338
1265 1315 166041
1265 1264 160584
1264 1314 148454
1264 1263 111167
1263 1313 145383
1263 1262 188584
1262 1312 140999
1262 1261 134714
1261 1311 122552
1261 1260 114003
1260 1310 159268
1260 1259 176327
1259 1309 105726
1259 1258 141452
1258 1308 198296
1258 1257 176028
1257 1307 111731
1257 1256 176945
1256 1306 139566
1256 1255 128358
1255 1305 181429
1255 1254 173656
1254 1304 139697
1254 1253 176616
1253 1303 122071
1253 1252 136283
1252 1302 167361
1252 1251 173036
1251 1301 104772
1301 1351 190256
1301 1302 148735
1302 1352 168271
1302 1303 143061
1303 1353 123615
1303 1304 182328
1304 1354 195658
1304 1305 185319
1305 1355 187527
1305 1306 122223
1306 1356 125876
1306 1307 118831
1307 1357 128314
1307 1308 130730
1308 1358 185399
1308 1309 168121
1309 1359 149906
1309 1310 109259
1310 1360 134022
1310 1311 191638
1311 1361 159336
1311 1312 129797
1312 1362 143406
1312 1313 146066
1313 1363 131404
1313 1314 152019
1314 1364 159599
1314 1315 175598
1315 1365 143373
1315 1316 182262
1316 1366 165958
1316 1317 190921
1317 1367 114935
1317 1318 103469
1318 1368 190470
1318 1319 137664
1319 1369 145010
1319 1320 178185
1320 1370 143660
1320 1321 140185
1321 1371 198796
1321 1322 187180
1322 1372 193233
1322 1323 177107
1323 1373 196886
1323 1324 171972
1324 1374 184261
1324 1325 194968
1325 1375 171370
1325 1326 108595
1326 1376 170929
1326 1327 138853
1327 1377 144052
1327 1328 188017
1328 1378 129552
1328 1329 154750
1329 1379 131049
1329 1330 189913
1330 1380 118464
1330 1331 133085
1331 1381 196623
1331 1332 136643
1332 1382 191030
1332 1333 184220
1333 1383 137343
1333 1334 125185
1334 1384 112892
1334 1335 134580
1335 1385 155302
1335 1336 125643
1336 1386 194255
1336 1337 146190
1337 1387 103810
1337 1338 191035
1338 1388 105363
1338 1339 131316
1339 1389 151321
1339 1340 102466
1340 1390 194436
1340 1341 161799
1341 1391 190927
1341 1342 183438
1342 1392 130347
1342 1343 102105
1343 1393 138248
1343 1344 178947
1344 1394 120833
1344 1345 110793
1345 1395 158116
1345 1346 155087
1346 1396 188387
1346 1347 194951
1347 1397 120198
1347 1348 144294
1348 1398 123096
1348 1349 136423
1349 1399 171550
1349 1350 145958
1350 1400 186622
1400 1450 107073
1400 1399 183688
1399 1449 157015
1399 1398 138093
1398 1448 195805
1398 1397 106322
1397 1447 120461
1397 1396 117305
1396 1446 176320
1396 1395 192406
1395 1445 168429
1395 1394 124546
1394 1444 163634
1394 1393 150485
1393 1443 107345
1393 1392 102063
1392 1442 131514
1392 1391 118439
1391 1441 169888
1391 1390 187178
1390 1440 168123
1390 1389 102639
1389 1439 152846
1389 1388 110534
1388 1438 168979
1388 1387 143168
1387 1437 156977
1387 1386 138566
1386 1436 120110
1386 1385 117841
1385 1435 142721
1385 1384 156616
1384 1434 194219
1384 1383 107649
1383 1433 164919
1383 1382 103425
1382 1432 190134
1382 1381 162787
1381 1431 189351
1381 1380 160741
1380 1430 108146
1380 1379 132705
1379 1429 142846
1379 1378 125492
1378 1428 127716
1378 1377 166920
1377 1427 172851
1377 1376 188906
1376 1426 190808
1376 1375 185941
1375 1425 168557
1375 1374 131455
1374 1424 140572
1374 1373 175418
1373 1423 189525
1373 1372 110069
1372 1422 140628
1372 1371 163692
1371 1421 130933
1371 1370 188801
1370 1420 147945
1370 1369 152548
1369 1419 116249
1369 1368 175167
1368 1418 122195
1368 1367 198890
1367 1417 105921
1367 1366 119836
1366 1416 132147
1366 1365 126906
1365 1415 166036
1365 1364 193688
1364 1414 197808
1364 1363 158098
1363 1413 188553
1363 1362 113640
1362 1412 117325
1362 1361 164798
1361 1411 117239
1361 1360 163371
1360 1410 165890
1360 1359 156282
1359 1409 191154
1359 1358 191406
1358 1408 188437
1358 1357 127435
1357 1407 170934
1357 1356 142640
1356 1406 128510
1356 1355 145383
1355 1405 177391
1355 1354 183455
1354 1404 132128
1354 1353 122212
1353 1403 130408
1353 1352 172915
1352 1402 101869
1352 1351 130636
1351 1401 179710
1401 1451 110029
1401 1402 101807
1402 1452 186962
1402 1403 108118
1403 1453 106880
1403 1404 151437
1404 1454 162386
1404 1405 184777
1405 1455 116082
1405 1406 170980
1406 1456 159073
1406 1407 134972
1407 1457 186303
1407 1408 177716
1408 1458 194596
1408 1409 165724
1409 1459 177900
1409 1410 112868
1410 1460 193224
1410 1411 105078
1411 1461 181075
1411 1412 121106
1412 1462 155274
1412 1413 157607
1413 1463 119772
1413 1414 115037
1414 1464 163389
1414 1415 130440
1415 1465 122107
1415 1416 129389
1416 1466 161179
1416 1417 183943
1417 1467 149794
1417 1418 150480
1418 1468 149362
1418 1419 131048
1419 1469 113862
1419 1420 142363
1420 1470 115474
1420 1421 131901
1421 1471 161978
1421 1422 109473
1422 1472 107995
1422 1423 184710
1423 1473 165496
1423 1424 113247
1424 1474 184889
1424 1425 121832
1425 1475 133118
1425 1426 155185
1426 1476 185896
1426 1427 168140
1427 1477 107595
1427 1428 122948
1428 1478 169153
1428 1429 196044
1429 1479 135880
1429 1430 124959
1430 1480 199403
1430 1431 102741
1431 1481 195426
1431 1432 136121
1432 1482 146689
1432 1433 152954
1433 1483 149830
1433 1434 163277
1434 1484 179164
1434 1435 105787
1435 1485 125100
1435 1436 120175
1436 1486 185065
1436 1437 118443
1437 1487 134672
1437 1438 126564
1438 1488 169066
1438 1439 102730
1439 1489 149955
1439 1440 104471
1440 1490 105525
1440 1441 187157
1441 1491 130653
1441 1442 151362
1442 1492 168097
1442 1443 147967
1443 1493 105886
1443 1444 119355
1444 1494 137372
1444 1445 154078
1445 1495 159525
1445 1446 150705
1446 1496 179431
1446 1447 125846
1447 1497 190831
1447 1448 176354
1448 1498 192114
1448 1449 165010
1449 1499 126714
1449 1450 156215
1450 1500 129296
1500 1550 172177
1500 1499 123606
1499 1549 190696
1499 1498 121998
1498 1548 120123
1498 1497 181550
1497 1547 198602
1497 1496 169077
1496 1546 190988
1496 1495 182972
1495 1545 152101
1495 1494 106927
1494 1544 184729
1494 1493 182159
1493 1543 164755
1493 1492 105160
1492 1542 147298
1492 1491 100420
1491 1541 141754
1491 1490 186551
1490 1540 114489
1490 1489 141846
1489 1539 182930
1489 1488 144516
1488 1538 140464
1488 1487 114849
1487 1537 135595
1487 1486 183926
1486 1536 189385
1486 1485 152635
1485 1535 141403
1485 1484 186910
1484 1534 109197
1484 1483 119698
1483 1533 141634
1483 1482 185361
1482 1532 165093
1482 1481 176233
1481 1531 161126
1481 1480 151580
1480 1530 174261
1480 1479 199096
1479 1529 124821
1479 1478 117633
1478 1528 129094
1478 1477 139010
1477 1527 132353
1477 1476 128654
1476 1526 164330
1476 1475 186336
1475 1525 134728
1475 1474 182134
1474 1524 154385
1474 1473 160074
1473 1523 190621
1473 1472 166428
1472 1522 172564
1472 1471 115915
1471 1521 150760
1471 1470 139931
1470 1520 116293
1470 1469 179495
1469 1519 158414
1469 1468 163279
1468 1518 168596
1468 1467 192951
1467 1517 183908
1467 1466 143937
1466 1516 107090
1466 1465 108033
1465 1515 148474
1465 1464 146859
1464 1514 171677
1464 1463 101791
1463 1513 155620
1463 1462 105246
1462 1512 106265
1462 1461 153122
1461 1511 109481
1461 1460 176262
1460 1510 169604
1460 1459 158406
1459 1509 143437
1459 1458 147189
1458 1508 121202
1458 1457 112248
1457 1507 136517
1457 1456 157013
1456 1506 147322
1456 1455 188947
1455 1505 126680
1455 1454 111682
1454 1504 127755
1454 1453 128104
1453 1503 163409
1453 1452 145138
1452 1502 141157
1452 1451 173136
1451 1501 132903
1501 1551 117125
1501 1502 144678
1502 1552 153698
1502 1503 199229
1503 1553 118930
1503 1504 104842
1504 1554 135501
1504 1505 116444
1505 1555 137346
1505 1506 119427
1506 1556 152441
1506 1507 163037
1507 1557 169744
1507 1508 152790
1508 1558 171817
1508 1509 113111
1509 1559 152754
1509 1510 193120
1510 1560 122748
1510 1511 164312
1511 1561 118833
1511 1512 161015
1512 1562 157184
1512 1513 182940
1513 1563 166269
1513 1514 173317
1514 1564 155796
1514 1515 111411
1515 1565 149473
1515 1516 185618
1516 1566 121580
1516 1517 125936
1517 1567 109118
1517 1518 187108
1518 1568 102739
1518 1519 147224
1519 1569 127319
1519 1520 115922
1520 1570 102786
1520 1521 189905
1521 1571 174751
1521 1522 182882
1522 1572 190696
1522 1523 137462
1523 1573 167290
1523 1524 118563
1524 1574 194187
1524 1525 147841
1525 1575 103377
1525 1526 177819
1526 1576 144666
1526 1527 117250
1527 1577 161193
1527 1528 150955
1528 1578 138107
1528 1529 101212
1529 1579 164833
1529 1530 138211
1530 1580 107748
1530 1531 126211
1531 1581 123391
1531 1532 108503
1532 1582 185135
1532 1533 162086
1533 1583 146611
1533 1534 142699
1534 1584 169381
1534 1535 120958
1535 1585 153216
1535 1536 149842
1536 1586 120557
1536 1537 199483
1537 1587 123486
1537 1538 109431
1538 1588 124877
1538 1539 161872
1539 1589 110004
1539 1540 119093
1540 1590 142023
1540 1541 184629
1541 1591 118891
1541 1542 199308
1542 1592 163438
1542 1543 183010
1543 1593 186135
1543 1544 160967
1544 1594 151242
1544 1545 167507
1545 1595 171838
1545 1546 197392
1546 1596 146940
1546 1547 123353
1547 1597 175003
1547 1548 156542
1548 1598 148632
1548 1549 193460
1549 1599 147372
1549 1550 102308
1550 1600 109520
1600 1650 168502
1600 1599 109551
1599 1649 193532
1599 1598 162049
1598 1648 168670
1598 1597 106495
1597 1647 130232
1597 1596 168911
1596 1646 106261
1596 1595 109531
1595 1645 114225
1595 1594 156075
1594 1644 137013
1594 1593 138139
1593 1643 137848
1593 1592 174307
1592 1642 142484
1592 1591 108751
1591 1641 176932
1591 1590 116537
1590 1640 110119
1590 1589 193959
1589 1639 131057
1589 1588 155256
1588 1638 195517
1588 1587 161611
1587 1637 107166
1587 1586 141534
1586 1636 168454
1586 1585 170503
1585 1635 164717
1585 1584 181215
1584 1634 195064
1584 1583 108875
1583 1633 130952
1583 1582 142416
1582 1632 134693
1582 1581 113747
1581 1631 166383
1581 1580 133914
1580 1630 111987
1580 1579 185100
1579 1629 145022
1579 1578 117230
1578 1628 182292
1578 1577 175243
1577 1627 163020
1577 1576 111142
1576 1626 188156
1576 1575 184037
1575 1625 184161
1575 1574 132620
1574 1624 111593
1574 1573 123702
1573 1623 181935
1573 1572 112012
1572 1622 116170
1572 1571 185423
1571 1621 145899
1571 1570 149470
1570 1620 137759
1570 1569 194712
1569 1619 171920
1569 1568 190568
1568 1618 127909
1568 1567 144864
1567 1617 102945
1567 1566 113727
1566 1616 139020
1566 1565 105555
1565 1615 150236
1565 1564 179038
1564 1614 170075
1564 1563 126250
1563 1613 103916
1563 1562 193316
1562 1612 131464
1562 1561 190761
1561 1611 103790
1561 1560 118956
1560 1610 157762
1560 1559 153197
1559 1609 154664
1559 1558 188862
1558 1608 177297
1558 1557 154425
1557 1607 138611
1557 1556 190220
1556 1606 135759
1556 1555 189819
1555 1605 159681
1555 1554 168849
1554 1604 162526
1554 1553 107120
1553 1603 145048
1553 1552 139170
1552 1602 111959
1552 1551 166773
1551 1601 193694
1601 1651 149189
1601 1602 123243
1602 1652 182046
1602 1603 151136
1603 1653 180568
1603 1604 171434
1604 1654 195060
1604 1605 123255
1605 1655 183444
1605 1606 164090
1606 1656 165962
1606 1607 183705
1607 1657 142532
1607 1608 171527
1608 1658 126473
1608 1609 182021
1609 1659 183301
1609 1610 124309
1610 1660 173752
1610 1611 195097
1611 1661 151473
1611 1612 130983
1612 1662 145034
1612 1613 187824
1613 1663 106691
1613 1614 140820
1614 1664 124206
1614 1615 125722
1615 1665 181957
1615 1616 103573
1616 1666 132822
1616 1617 151920
1617 1667 192976
1617 1618 192679
1618 1668 108575
1618 1619 178583
1619 1669 126864
1619 1620 142278
1620 1670 103038
1620 1621 140123
1621 1671 171573
1621 1622 153635
1622 1672 114782
1622 1623 129800
1623 1673 106427
1623 1624 158830
1624 1674 148050
1624 1625 139509
1625 1675 149136
1625 1626 115881
1626 1676 166517
1626 1627 122825
1627 1677 119542
1627 1628 103226
1628 1678 107772
1628 1629 129460
1629 1679 110702
1629 1630 134299
1630 1680 114320
1630 1631 182409
1631 1681 111115
1631 1632 106142
1632 1682 138948
1632 1633 164628
1633 1683 144871
1633 1634 193366
1634 1684 104231
1634 1635 126970
1635 1685 185313
1635 1636 179651
1636 1686 140047
1636 1637 144735
1637 1687 182177
1637 1638 124310
1638 1688 129902
1638 1639 131583
1639 1689 102255
1639 1640 179829
1640 1690 105425
1640 1641 190871
1641 1691 132298
1641 1642 188715
1642 1692 111495
1642 1643 158408
1643 1693 186704
1643 1644 199903
1644 1694 155303
1644 1645 153224
1645 1695 170811
1645 1646 103739
1646 1696 143687
1646 1647 152381
1647 1697 149663
1647 1648 167980
1648 1698 154484
1648 1649 173739
1649 1699 151606
1649 1650 115831
1650 1700 180058
1700 1750 151778
1700 1699 113290
1699 1749 182529
1699 1698 137353
1698 1748 136542
1698 1697 135126
1697 1747 165211
1697 1696 115209
1696 1746 133193
1696 1695 155000
1695 1745 187855
1695 1694 110135
1694 1744 175106
1694 1693 120372
1693 1743 160318
1693 1692 176609
1692 1742 126204
1692 1691 108822
1691 1741 188903
1691 1690 137112
1690 1740 111186
1690 1689 159765
1689 1739 165484
1689 1688 131538
1688 1738 177412
1688 1687 130655
1687 1737 145910
1687 1686 199523
1686 1736 106891
1686 1685 108400
1685 1735 147513
1685 1684 123967
1684 1734 109941
1684 1683 136839
1683 1733 154829
1683 1682 109988
1682 1732 145151
1682 1681 133285
1681 1731 190252
1681 1680 172594
1680 1730 166809
1680 1679 155185
1679 1729 178744
1679 1678 199779
1678 1728 171888
1678 1677 137136
1677 1727 145742
1677 1676 140038
1676 1726 104974
1676 1675 125659
1675 1725 147429
1675 1674 132257
1674 1724 173108
1674 1673 186562
1673 1723 168653
1673 1672 121879
1672 1722 135123
1672 1671 134421
1671 1721 107446
1671 1670 160668
1670 1720 131676
1670 1669 120806
1669 1719 116325
1669 1668 168088
1668 1718 174658
1668 1667 135351
1667 1717 149162
1667 1666 189807
1666 1716 122768
1666 1665 190327
1665 1715 152609
1665 1664 146352
1664 1714 107450
1664 1663 122361
1663 1713 147914
1663 1662 156804
1662 1712 182756
1662 1661 165644
1661 1711 184172
1661 1660 103945
1660 1710 138416
1660 1659 154906
1659 1709 156297
1659 1658 171133
1658 1708 131723
1658 1657 101046
1657 1707 160929
1657 1656 184071
1656 1706 113774
1656 1655 144441
1655 1705 177419
1655 1654 185704
1654 1704 100963
1654 1653 147069
1653 1703 128952
1653 1652 142789
1652 1702 199832
1652 1651 143474
1651 1701 100440
1701 1751 184626
1701 1702 104440
1702 1752 110104
1702 1703 156203
1703 1753 193892
1703 1704 107303
1704 1754 103649
1704 1705 113072
1705 1755 188018
1705 1706 110426
1706 1756 105284
1706 1707 107181
1707 1757 150824
1707 1708 100441
1708 1758 192497
1708 1709 119224
1709 1759 193401
1709 1710 165525
1710 1760 107864
1710 1711 176830
1711 1761 103656
1711 1712 179369
1712 1762 177669
1712 1713 104925
1713 1763 133751
1713 1714 148877
1714 1764 133099
1714 1715 125314
1715 1765 164669
1715 1716 166203
1716 1766 139703
1716 1717 137829
1717 1767 183944
1717 1718 101786
1718 1768 123959
1718 1719 196584
1719 1769 194936
1719 1720 156137
1720 1770 105714
1720 1721 154701
1721 1771 164508
1721 1722 162941
1722 1772 104587
1722 1723 110738
1723 1773 146496
1723 1724 121529
1724 1774 153349
1724 1725 111810
1725 1775 146643
1725 1726 129374
1726 1776 116995
1726 1727 109213
1727 1777 181119
1727 1728 175621
1728 1778 122865
1728 1729 172321
1729 1779 173410
1729 1730 121049
1730 1780 150292
1730 1731 181952
1731 1781 114582
1731 1732 147867
1732 1782 183536
1732 1733 171936
1733 1783 181314
1733 1734 126730
1734 1784 193036
1734 1735 164505
1735 1785 133690
1735 1736 112473
1736 1786 171579
1736 1737 124127
1737 1787 118827
1737 1738 192647
1738 1788 106566
1738 1739 130555
1739 1789 189169
1739 1740 142040
1740 1790 197447
1740 1741 100076
1741 1791 143693
1741 1742 115929
1742 1792 106229
1742 1743 159942
1743 1793 157238
1743 1744 138339
1744 1794 179703
1744 1745 117127
1745 1795 143245
1745 1746 158925
1746 1796 140776
1746 1747 160359
1747 1797 155713
1747 1748 176187
1748 1798 121256
1748 1749 114174
1749 1799 183846
1749 1750 169586
1750 1800 112784
1800 1850 167000
1800 1799 124547
1799 1849 107677
1799 1798 162630
1798 1848 111791
1798 1797 143649
1797 1847 189541
1797 1796 141662
1796 1846 149766
1796 1795 165018
1795 1845 139089
1795 1794 112066
1794 1844 142663
1794 1793 140988
1793 1843 100736
1793 1792 117657
1792 1842 136292
1792 1791 166990
1791 1841 149822
1791 1790 104087
1790 1840 153218
1790 1789 197122
1789 1839 136489
1789 1788 157682
1788 1838 140891
1788 1787 189591
1787 1837 124918
1787 1786 160388
1786 1836 142589
1786 1785 142585
1785 1835 192777
1785 1784 121028
1784 1834 194885
1784 1783 191297
1783 1833 104861
1783 1782 118171
1782 1832 194381
1782 1781 180302
1781 1831 124575
1781 1780 112665
1780 1830 143606
1780 1779 159882
1779 1829 114231
1779 1778 160335
1778 1828 192858
1778 1777 140562
1777 1827 198371
1777 1776 114283
1776 1826 175370
1776 1775 134221
1775 1825 194069
1775 1774 136486
1774 1824 173694
1774 1773 180706
1773 1823 152807
1773 1772 108920
1772 1822 182463
1772 1771 189462
1771 1821 199911
1771 1770 100259
1770 1820 110737
1770 1769 191020
1769 1819 115539
1769 1768 183822
1768 1818 101830
1768 1767 107314
1767 1817 142487
1767 1766 153433
1766 1816 162864
1766 1765 193283
1765 1815 116251
1765 1764 137370
1764 1814 166530
1764 1763 199946
1763 1813 138756
1763 1762 103086
1762 1812 172120
1762 1761 111348
1761 1811 183953
1761 1760 184326
1760 1810 110144
1760 1759 125418
1759 1809 142747
1759 1758 181404
1758 1808 121359
1758 1757 187999
1757 1807 155593
1757 1756 171898
1756 1806 107305
1756 1755 122844
1755 1805 128391
1755 1754 164082
1754 1804 119617
1754 1753 143067
1753 1803 164499
1753 1752 125061
1752 1802 176481
1752 1751 129114
1751 1801 181400
1801 1851 104292
1801 1802 146711
1802 1852 102054
1802 1803 122027
1803 1853 174528
1803 1804 172003
1804 1854 196901
1804 1805 105726
1805 1855 152957
1805 1806 121507
1806 1856 180575
1806 1807 134570
1807 1857 142085
1807 1808 193313
1808 1858 124150
1808 1809 143066
1809 1859 141466
1809 1810 138742
1810 1860 180483
1810 1811 195315
1811 1861 140053
1811 1812 185273
1812 1862 182356
1812 1813 110010
1813 1863 163292
1813 1814 167018
1814 1864 104342
1814 1815 144340
1815 1865 192722
1815 1816 143859
1816 1866 145377
1816 1817 181381
1817 1867 161790
1817 1818 160481
1818 1868 170064
1818 1819 155790
1819 1869 141277
1819 1820 136852
1820 1870 172214
1820 1821 110656
1821 1871 145747
1821 1822 117018
1822 1872 166566
1822 1823 120185
1823 1873 128217
1823 1824 151949
1824 1874 104858
1824 1825 166539
1825 1875 116945
1825 1826 171837
1826 1876 110508
1826 1827 162751
1827 1877 182129
1827 1828 119280
1828 1878 191017
1828 1829 175935
1829 1879 131596
1829 1830 116283
1830 1880 100734
1830 1831 133663
1831 1881 153296
1831 1832 157994
1832 1882 191676
1832 1833 123900
1833 1883 106527
1833 1834 118717
1834 1884 177544
1834 1835 124289
1835 1885 127196
1835 1836 163740
1836 1886 132212
1836 1837 159066
1837 1887 120973
1837 1838 130406
1838 1888 103186
1838 1839 139364
1839 1889 197385
1839 1840 101021
1840 1890 182530
1840 1841 116811
1841 1891 191426
1841 1842 170291
1842 1892 151884
1842 1843 181577
1843 1893 146641
1843 1844 168427
1844 1894 150921
1844 1845 180919
1845 1895 184094
1845 1846 158404
1846 1896 197705
1846 1847 173493
1847 1897 150471
1847 1848 102571
1848 1898 135531
1848 1849 126373
1849 1899 112819
1849 1850 183674
1850 1900 196453
1900 1950 158173
1900 1899 124890
1899 1949 142527
1899 1898 103292
1898 1948 142077
1898 1897 111819
1897 1947 175623
1897 1896 151851
1896 1946 175356
1896 1895 123909
1895 1945 131882
1895 1894 166652
1894 1944 187369
1894 1893 153325
1893 1943 121492
1893 1892 196186
1892 1942 185277
1892 1891 140655
1891 1941 139614
1891 1890 197609
1890 1940 131398
1890 1889 156600
1889 1939 122163
1889 1888 139900
1888 1938 102969
1888 1887 149603
1887 1937 122942
1887 1886 141242
1886 1936 150475
1886 1885 140484
1885 1935 165994
1885 1884 125097
1884 1934 133627
1884 1883 114819
1883 1933 199234
1883 1882 180683
1882 1932 150123
1882 1881 139636
1881 1931 129814
1881 1880 146515
1880 1930 168347
1880 1879 192776
1879 1929 163150
1879 1878 138344
1878 1928 102933
1878 1877 194273
1877 1927 170026
1877 1876 129876
1876 1926 159442
1876 1875 127733
1875 1925 190795
1875 1874 187283
1874 1924 115333
1874 1873 133501
1873 1923 101528
1873 1872 124061
1872 1922 190228
1872 1871 159460
1871 1921 150955
1871 1870 105166
1870 1920 146220
1870 1869 112386
1869 1919 116224
1869 1868 147020
1868 1918 127749
1868 1867 110996
1867 1917 195603
1867 1866 148030
1866 1916 143496
1866 1865 132566
1865 1915 167286
1865 1864 150983
1864 1914 158658
1864 1863 175644
1863 1913 151612
1863 1862 106160
1862 1912 110313
1862 1861 108837
1861 1911 143410
1861 1860 106693
1860 1910 164821
1860 1859 138973
1859 1909 141308
1859 1858 146653
1858 1908 100665
1858 1857 149272
1857 1907 168699
1857 1856 130165
1856 1906 128249
1856 1855 144575
1855 1905 153298
1855 1854 188975
1854 1904 127576
1854 1853 196534
1853 1903 198673
1853 1852 153929
1852 1902 174675
1852 1851 155591
1851 1901 112182
1901 1951 173953
1901 1902 151146
1902 1952 139906
1902 1903 183467
1903 1953 160349
1903 1904 168549
1904 1954 142178
1904 1905 171876
1905 1955 124322
1905 1906 116769
1906 1956 162539
1906 1907 160996
1907 1957 117248
1907 1908 145375
1908 1958 182975
1908 1909 192443
1909 1959 137419
1909 1910 180729
1910 1960 148126
1910 1911 118521
1911 1961 177340
1911 1912 169568
1912 1962 145766
1912 1913 116631
1913 1963 155966
1913 1914 105265
1914 1964 160336
1914 1915 115617
1915 1965 114239
1915 1916 161477
1916 1966 162007
1916 1917 197590
1917 1967 148801
1917 1918 115097
1918 1968 111817
1918 1919 123968
1919 1969 126858
1919 1920 111114
1920 1970 175461
1920 1921 154944
1921 1971 160941
1921 1922 176930
1922 1972 149126
1922 1923 177242
1923 1973 119981
1923 1924 165789
1924 1974 141993
1924 1925 106709
1925 1975 101908
1925 1926 133359
1926 1976 177180
1926 1927 103769
1927 1977 115587
1927 1928 109808
1928 1978 166223
1928 1929 193099
1929 1979 194297
1929 1930 107168
1930 1980 133836
1930 1931 141209
1931 1981 135760
1931 1932 131446
1932 1982 172491
1932 1933 139996
1933 1983 105449
1933 1934 170439
1934 1984 138912
1934 1935 169993
1935 1985 191310
1935 1936 118020
1936 1986 164206
1936 1937 172853
1937 1987 196333
1937 1938 131360
1938 1988 123733
1938 1939 145849
1939 1989 115648
1939 1940 130070
1940 1990 178297
1940 1941 186148
1941 1991 177702
1941 1942 100430
1942 1992 186311
1942 1943 159501
1943 1993 160371
1943 1944 115640
1944 1994 161343
1944 1945 127842
1945 1995 140687
1945 1946 146406
1946 1996 151841
1946 1947 113867
1947 1997 155915
1947 1948 117617
1948 1998 114097
1948 1949 114533
1949 1999 193211
1949 1950 179807
1950 2000 124250
2000 2050 130529
2000 1999 173477
1999 2049 109082
1999 1998 112640
1998 2048 131788
1998 1997 187253
1997 2047 167370
1997 1996 120729
1996 2046 177771
1996 1995 139652
1995 2045 184306
1995 1994 158437
1994 2044 178319
1994 1993 158620
1993 2043 196997
1993 1992 139096
1992 2042 137293
1992 1991 140102
1991 2041 161240
1991 1990 170552
1990 2040 180465
1990 1989 122637
1989 2039 175400
1989 1988 133415
1988 2038 198262
1988 1987 142564
1987 2037 156631
1987 1986 182156
1986 2036 159012
1986 1985 137802
1985 2035 197636
1985 1984 147935
1984 2034 197945
1984 1983 107062
1983 2033 166571
1983 1982 102598
1982 2032 105660
1982 1981 115743
1981 2031 123697
1981 1980 101733
1980 2030 158948
1980 1979 166785
1979 2029 186664
1979 1978 134171
1978 2028 145447
1978 1977 115895
1977 2027 115114
1977 1976 187158
1976 2026 166160
1976 1975 182372
1975 2025 193662
1975 1974 196624
1974 2024 106336
1974 1973 106115
1973 2023 161016
1973 1972 197025
1972 2022 135952
1972 1971 158235
1971 2021 164199
1971 1970 151794
1970 2020 143671
1970 1969 145273
1969 2019 148216
1969 1968 138542
1968 2018 173385
1968 1967 115338
1967 2017 135590
1967 1966 198562
1966 2016 157582
1966 1965 117265
1965 2015 113163
1965 1964 136852
1964 2014 145196
1964 1963 139739
1963 2013 171652
1963 1962 126169
1962 2012 194568
1962 1961 178026
1961 2011 125136
1961 1960 186955
1960 2010 138655
1960 1959 113341
1959 2009 194287
1959 1958 199442
1958 2008 160149
1958 1957 182002
1957 2007 162065
1957 1956 168143
1956 2006 125608
1956 1955 151403
1955 2005 127871
1955 1954 149627
1954 2004 198655
1954 1953 122581
1953 2003 161686
1953 1952 156297
1952 2002 192995
1952 1951 158325
1951 2001 192493
2001 2051 153436
2001 2002 140897
2002 2052 112773
2002 2003 161871
2003 2053 168915
2003 2004 151525
2004 2054 197596
2004 2005 130962
2005 2055 127222
2005 2006 138349
2006 2056 112727
2006 2007 169092
2007 2057 130829
2007 2008 139794
2008 2058 194627
2008 2009 140224
2009 2059 125357
2009 2010 104269
2010 2060 141918
2010 2011 131138
2011 2061 108328
2011 2012 143067
2012 2062 121420
2012 2013 198287
2013 2063 185736
2013 2014 101968
2014 2064 158808
2014 2015 124563
2015 2065 195840
2015 2016 121169
2016 2066 190469
2016 2017 181211
2017 2067 114433
2017 2018 161569
2018 2068 114246
2018 2019 142549
2019 2069 144177
2019 2020 194314
2020 2070 157087
2020 2021 106335
2021 2071 184383
2021 2022 151407
2022 2072 111342
2022 2023 189329
2023 2073 136411
2023 2024 132166
2024 2074 100356
2024 2025 189752
2025 2075 150503
2025 2026 197997
2026 2076 141787
2026 2027 125123
2027 2077 179468
2027 2028 178652
2028 2078 113211
2028 2029 186256
2029 2079 176633
2029 2030 150762
2030 2080 112891
2030 2031 192662
2031 2081 159443
2031 2032 158184
2032 2082 103148
2032 2033 127898
2033 2083 139614
2033 2034 116754
2034 2084 143565
2034 2035 171699
2035 2085 160630
2035 2036 182552
2036 2086 149998
2036 2037 108169
2037 2087 101777
2037 2038 139367
2038 2088 169910
2038 2039 147866
2039 2089 148855
2039 2040 198738
2040 2090 168657
2040 2041 180605
2041 2091 101575
2041 2042 134990
2042 2092 181953
2042 2043 165791
2043 2093 128668
2043 2044 110907
2044 2094 178585
2044 2045 140061
2045 2095 156902
2045 2046 167008
2046 2096 116238
2046 2047 153939
2047 2097 177756
2047 2048 120957
2048 2098 117301
2048 2049 154874
2049 2099 144819
2049 2050 151080
2050 2100 117288
2100 2150 125061
2100 2099 172229
2099 2149 139767
2099 2098 172542
2098 2148 139995
2098 2097 173167
2097 2147 137875
2097 2096 174163
2096 2146 165269
2096 2095 188549
2095 2145 195821
2095 2094 182356
2094 2144 110636
2094 2093 183399
2093 2143 143637
2093 2092 104771
2092 2142 107793
2092 2091 177698
2091 2141 189663
2091 2090 155406
2090 2140 161876
2090 2089 109592
2089 2139 175459
2089 2088 109026
2088 2138 131984
2088 2087 184518
2087 2137 190949
2087 2086 136552
2086 2136 159459
2086 2085 197722
2085 2135 156801
2085 2084 188636
2084 2134 133975
2084 2083 100302
2083 2133 103694
2083 2082 154744
2082 2132 121171
2082 2081 193709
2081 2131 155243
2081 2080 183552
2080 2130 129975
2080 2079 155188
2079 2129 197727
2079 2078 191507
2078 2128 101573
2078 2077 184696
2077 2127 150282
2077 2076 156955
2076 2126 160132
2076 2075 171093
2075 2125 120276
2075 2074 144612
2074 2124 123996
2074 2073 158890
2073 2123 112950
2073 2072 105851
2072 2122 112284
2072 2071 150240
2071 2121 177895
2071 2070 134638
2070 2120 110714
2070 2069 121519
2069 2119 139082
2069 2068 168038
2068 2118 195224
2068 2067 176472
2067 2117 153031
2067 2066 150790
2066 2116 158168
2066 2065 122919
2065 2115 114962
2065 2064 123215
2064 2114 147790
2064 2063 141604
2063 2113 111610
2063 2062 103275
2062 2112 169147
2062 2061 109806
2061 2111 152967
2061 2060 192423
2060 2110 103444
2060 2059 191193
2059 2109 134918
2059 2058 128015
2058 2108 158074
2058 2057 173230
2057 2107 101016
2057 2056 122694
2056 2106 191164
2056 2055 117420
2055 2105 196410
2055 2054 177407
2054 2104 141766
2054 2053 106440
2053 2103 186281
2053 2052 104113
2052 2102 185653
2052 2051 122293
2051 2101 115321
2101 2151 162047
2101 2102 184957
2102 2152 175127
2102 2103 144645
2103 2153 126083
2103 2104 160709
2104 2154 127685
2104 2105 187126
2105 2155 159953
2105 2106 146925
2106 2156 101183
2106 2107 140851
2107 2157 142138
2107 2108 169545
2108 2158 185350
2108 2109 146876
2109 2159 144002
2109 2110 192115
2110 2160 173455
2110 2111 116770
2111 2161 126197
2111 2112 174452
2112 2162 111968
2112 2113 139562
2113 2163 131129
2113 2114 191551
2114 2164 171302
2114 2115 142264
2115 2165 103514
2115 2116 133383
2116 2166 184097
2116 2117 124455
2117 2167 180457
2117 2118 154679
2118 2168 138860
2118 2119 132021
2119 2169 197860
2119 2120 157682
2120 2170 112653
2120 2121 164618
2121 2171 111529
2121 2122 186811
2122 2172 104268
2122 2123 150761
2123 2173 143852
2123 2124 127190
2124 2174 147432
2124 2125 188126
2125 2175 135037
2125 2126 104165
2126 2176 111261
2126 2127 186784
2127 2177 185137
2127 2128 100284
2128 2178 108667
2128 2129 176182
2129 2179 117510
2129 2130 111294
2130 2180 142346
2130 2131 102977
2131 2181 141534
2131 2132 135121
2132 2182 161244
2132 2133 184865
2133 2183 177712
2133 2134 120104
2134 2184 125170
2134 2135 161348
2135 2185 183485
2135 2136 190976
2136 2186 108283
2136 2137 174752
2137 2187 193638
2137 2138 101217
2138 2188 183618
2138 2139 121769
2139 2189 166837
2139 2140 108381
2140 2190 142969
2140 2141 141572
2141 2191 122087
2141 2142 153076
2142 2192 110491
2142 2143 153655
2143 2193 143221
2143 2144 162542
2144 2194 157751
2144 2145 145689
2145 2195 138948
2145 2146 156360
2146 2196 150642
2146 2147 143932
2147 2197 167714
2147 2148 120792
2148 2198 169795
2148 2149 171890
2149 2199 150381
2149 2150 109610
2150 2200 173415
2200 2250 105019
2200 2199 115677
2199 2249 141531
2199 2198 183275
2198 2248 174005
2198 2197 113709
2197 2247 173226
2197 2196 172348
2196 2246 161198
2196 2195 133036
2195 2245 187161
2195 2194 119427
2194 2244 124469
2194 2193 168549
2193 2243 182506
2193 2192 132674
2192 2242 123912
2192 2191 143675
2191 2241 164665
2191 2190 178185
2190 2240 150562
2190 2189 109192
2189 2239 151694
2189 2188 142378
2188 2238 192475
2188 2187 122735
2187 2237 170310
2187 2186 168388
2186 2236 111722
2186 2185 139655
2185 2235 163519
2185 2184 139049
2184 2234 131175
2184 2183 183619
2183 2233 117705
2183 2182 135866
2182 2232 144782
2182 2181 173312
2181 2231 113217
2181 2180 186503
2180 2230 123489
2180 2179 159276
2179 2229 126522
2179 2178 136630
2178 2228 124888
2178 2177 160395
2177 2227 103405
2177 2176 182831
2176 2226 193113
2176 2175 141315
2175 2225 195019
2175 2174 172218
2174 2224 148638
2174 2173 127255
2173 2223 133877
2173 2172 150813
2172 2222 166398
2172 2171 115305
2171 2221 145319
2171 2170 128315
2170 2220 135204
2170 2169 135447
2169 2219 172928
2169 2168 172005
2168 2218 107738
2168 2167 174982
2167 2217 116034
2167 2166 110515
2166 2216 158156
2166 2165 139524
2165 2215 142506
2165 2164 119568
2164 2214 101489
2164 2163 105124
2163 2213 138336
2163 2162 102412
2162 2212 180726
2162 2161 165271
2161 2211 114709
2161 2160 155661
2160 2210 167466
2160 2159 135854
2159 2209 176257
2159 2158 128935
2158 2208 171306
2158 2157 130537
2157 2207 187183
2157 2156 181075
2156 2206 123897
2156 2155 126486
2155 2205 156903
2155 2154 119082
2154 2204 142366
2154 2153 115513
2153 2203 198300
2153 2152 193981
2152 2202 156131
2152 2151 157574
2151 2201 115483
2201 2251 181841
2201 2202 106245
2202 2252 104114
2202 2203 177151
2203 2253 160812
2203 2204 197153
2204 2254 112916
2204 2205 113732
2205 2255 118783
2205 2206 124066
2206 2256 137876
2206 2207 102741
2207 2257 141503
2207 2208 134468
2208 2258 190743
2208 2209 145192
2209 2259 196861
2209 2210 173309
2210 2260 120219
2210 2211 182052
2211 2261 105656
2211 2212 114721
2212 2262 100347
2212 2213 131300
2213 2263 110298
2213 2214 193518
2214 2264 168477
2214 2215 184405
2215 2265 159299
2215 2216 162767
2216 2266 145756
2216 2217 120888
2217 2267 174470
2217 2218 111267
2218 2268 130985
2218 2219 175167
2219 2269 113091
2219 2220 116893
2220 2270 168853
2220 2221 182599
2221 2271 132639
2221 2222 170774
2222 2272 187326
2222 2223 179405
2223 2273 143176
2223 2224 181587
2224 2274 195202
2224 2225 125134
2225 2275 109080
2225 2226 179950
2226 2276 169606
2226 2227 177137
2227 2277 184474
2227 2228 135486
2228 2278 181579
2228 2229 123883
2229 2279 136881
2229 2230 138097
2230 2280 150274
2230 2231 140493
2231 2281 153988
2231 2232 197453
2232 2282 155589
2232 2233 190100
2233 2283 184455
2233 2234 100800
2234 2284 196259
2234 2235 183118
2235 2285 164667
2235 2236 194304
2236 2286 170280
2236 2237 192379
2237 2287 127617
2237 2238 152161
2238 2288 179304
2238 2239 139348
2239 2289 127877
2239 2240 133245
2240 2290 189993
2240 2241 119125
2241 2291 136866
2241 2242 187286
2242 2292 166996
2242 2243 169167
2243 2293 131765
2243 2244 154287
2244 2294 136589
2244 2245 108839
2245 2295 166185
2245 2246 119443
2246 2296 165857
2246 2247 118504
2247 2297 155304
2247 2248 151647
2248 2298 150197
2248 2249 176300
2249 2299 178039
2249 2250 174749
2250 2300 105489
2300 2350 196760
2300 2299 125433
2299 2349 176790
2299 2298 106895
2298 2348 198754
2298 2297 166274
2297 2347 158325
2297 2296 171834
2296 2346 134401
2296 2295 127138
2295 2345 108154
2295 2294 102885
2294 2344 136768
2294 2293 193124
2293 2343 112164
2293 2292 187510
2292 2342 107876
2292 2291 142810
2291 2341 109262
2291 2290 135276
2290 2340 109592
2290 2289 186637
2289 2339 144370
2289 2288 152273
2288 2338 191465
2288 2287 167912
2287 2337 131459
2287 2286 146977
2286 2336 165820
2286 2285 110919
2285 2335 193426
2285 2284 119064
2284 2334 159619
2284 2283 156182
2283 2333 132355
2283 2282 192749
2282 2332 135592
2282 2281 126655
2281 2331 144922
2281 2280 162332
2280 2330 175108
2280 2279 180577
2279 2329 142012
2279 2278 196819
2278 2328 143889
2278 2277 187224
2277 2327 112110
2277 2276 113600
2276 2326 190953
2276 2275 142733
2275 2325 176723
2275 2274 176045
2274 2324 149497
2274 2273 101660
2273 2323 102405
2273 2272 158287
2272 2322 177126
2272 2271 117241
2271 2321 159329
2271 2270 177772
2270 2320 190037
2270 2269 145954
2269 2319 144457
2269 2268 158962
2268 2318 155473
2268 2267 136670
2267 2317 132411
2267 2266 173830
2266 2316 190945
2266 2265 193742
2265 2315 139049
2265 2264 192466
2264 2314 124512
2264 2263 132913
2263 2313 158153
2263 2262 194845
2262 2312 166158
2262 2261 120447
2261 2311 191039
2261 2260 142495
2260 2310 142553
2260 2259 111024
2259 2309 173955
2259 2258 116104
2258 2308 142644
2258 2257 177692
2257 2307 135317
2257 2256 153722
2256 2306 109301
2256 2255 124285
2255 2305 146967
2255 2254 147073
2254 2304 124348
2254 2253 102123
2253 2303 143714
2253 2252 179977
2252 2302 138451
2252 2251 161440
2251 2301 144825
2301 2351 139758
2301 2302 107165
2302 2352 107822
2302 2303 175191
2303 2353 125873
2303 2304 165908
2304 2354 105997
2304 2305 121284
2305 2355 178916
2305 2306 100073
2306 2356 171663
2306 2307 173958
2307 2357 192619
2307 2308 154232
2308 2358 131586
2308 2309 171138
2309 2359 194535
2309 2310 173974
2310 2360 152572
2310 2311 152114
2311 2361 151260
2311 2312 148827
2312 2362 151056
2312 2313 174643
2313 2363 182914
2313 2314 170382
2314 2364 100643
2314 2315 129133
2315 2365 136322
2315 2316 132687
2316 2366 162914
2316 2317 162705
2317 2367 119047
2317 2318 138860
2318 2368 102588
2318 2319 114031
2319 2369 197999
2319 2320 186253
2320 2370 164465
2320 2321 128518
2321 2371 112197
2321 2322 139365
2322 2372 196020
2322 2323 121678
2323 2373 151421
2323 2324 148833
2324 2374 184396
2324 2325 109693
2325 2375 163685
2325 2326 114405
2326 2376 118159
2326 2327 171720
2327 2377 158240
2327 2328 185292
2328 2378 171874
2328 2329 140885
2329 2379 148048
2329 2330 160161
2330 2380 194954
2330 2331 153460
2331 2381 148376
2331 2332 177238
2332 2382 150927
2332 2333 100913
2333 2383 197283
2333 2334 183576
2334 2384 197924
2334 2335 134949
2335 2385 104558
2335 2336 108935
2336 2386 185165
2336 2337 103139
2337 2387 134527
2337 2338 109348
2338 2388 119774
2338 2339 152567
2339 2389 194677
2339 2340 175894
2340 2390 175674
2340 2341 159391
2341 2391 149591
2341 2342 178092
2342 2392 104522
2342 2343 144281
2343 2393 184576
2343 2344 173446
2344 2394 126051
2344 2345 140894
2345 2395 180469
2345 2346 170272
2346 2396 107000
2346 2347 147341
2347 2397 118207
2347 2348 172414
2348 2398 188752
2348 2349 153291
2349 2399 128332
2349 2350 109739
2350 2400 113716
2400 2450 113831
2400 2399 130053
2399 2449 177615
2399 2398 138073
2398 2448 106322
2398 2397 134125
2397 2447 110352
2397 2396 168283
2396 2446 176813
2396 2395 189745
2395 2445 134373
2395 2394 186057
2394 2444 126591
2394 2393 113962
2393 2443 112613
2393 2392 194444
2392 2442 156334
2392 2391 167877
2391 2441 195868
2391 2390 181275
2390 2440 147175
2390 2389 133849
2389 2439 124984
2389 2388 183706
2388 2438 136314
2388 2387 196905
2387 2437 168046
2387 2386 143653
2386 2436 137701
2386 2385 155776
2385 2435 138442
2385 2384 169045
2384 2434 151646
2384 2383 125866
2383 2433 153574
2383 2382 184630
2382 2432 125717
2382 2381 181366
2381 2431 104046
2381 2380 142506
2380 2430 107074
2380 2379 118486
2379 2429 155986
2379 2378 124913
2378 2428 130524
2378 2377 130864
2377 2427 184403
2377 2376 149947
2376 2426 161294
2376 2375 125319
2375 2425 181592
2375 2374 198942
2374 2424 191434
2374 2373 113778
2373 2423 101114
2373 2372 198626
2372 2422 188459
2372 2371 156755
2371 2421 173646
2371 2370 138517
2370 2420 184468
2370 2369 164742
2369 2419 162986
2369 2368 194253
2368 2418 179426
2368 2367 112848
2367 2417 178495
2367 2366 101546
2366 2416 176469
2366 2365 114878
2365 2415 178211
2365 2364 199434
2364 2414 195574
2364 2363 147414
2363 2413 168875
2363 2362 121469
2362 2412 106471
2362 2361 189659
2361 2411 109950
2361 2360 180813
2360 2410 121441
2360 2359 182845
2359 2409 107726
2359 2358 122556
2358 2408 192984
2358 2357 156560
2357 2407 198895
2357 2356 124719
2356 2406 176282
2356 2355 199903
2355 2405 107382
2355 2354 189684
2354 2404 163093
2354 2353 141269
2353 2403 100335
2353 2352 106475
2352 2402 184128
2352 2351 115395
2351 2401 141438
2401 2451 162663
2401 2402 162925
2402 2452 124476
2402 2403 184705
2403 2453 183626
2403 2404 191952
2404 2454 143403
2404 2405 181460
2405 2455 106963
2405 2406 172444
2406 2456 169117
2406 2407 190303
2407 2457 176810
2407 2408 113025
2408 2458 199835
2408 2409 158720
2409 2459 136372
2409 2410 164137
2410 2460 139320
2410 2411 177593
2411 2461 180177
2411 2412 122793
2412 2462 191438
2412 2413 123251
2413 2463 190216
2413 2414 161591
2414 2464 116377
2414 2415 112964
2415 2465 183538
2415 2416 116649
2416 2466 187691
2416 2417 150729
2417 2467 194330
2417 2418 117230
2418 2468 144359
2418 2419 121964
2419 2469 158052
2419 2420 129266
2420 2470 177549
2420 2421 109010
2421 2471 135387
2421 2422 146017
2422 2472 176393
2422 2423 171308
2423 2473 161876
2423 2424 107929
2424 2474 101588
2424 2425 113748
2425 2475 193459
2425 2426 169784
2426 2476 197483
2426 2427 174379
2427 2477 175105
2427 2428 167848
2428 2478 130268
2428 2429 100012
2429 2479 103197
2429 2430 153564
2430 2480 138180
2430 2431 179808
2431 2481 196901
2431 2432 108709
2432 2482 107972
2432 2433 199818
2433 2483 135503
2433 2434 168251
2434 2484 124376
2434 2435 142744
2435 2485 184978
2435 2436 147695
2436 2486 117361
2436 2437 184793
2437 2487 111166
2437 2438 143384
2438 2488 179519
2438 2439 182003
2439 2489 174955
2439 2440 107059
2440 2490 161901
2440 2441 167394
2441 2491 112605
2441 2442 155121
2442 2492 114597
2442 2443 133491
2443 2493 148152
2443 2444 117977
2444 2494 129561
2444 2445 145448
2445 2495 102298
2445 2446 141851
2446 2496 121099
2446 2447 195095
2447 2497 196400
2447 2448 192859
2448 2498 100862
2448 2449 105233
2449 2499 117134
2449 2450 143909
2450 2500 134092
2500 2499 148699
2499 2498 126298
2498 2497 105845
2497 2496 125098
2496 2495 138090
2495 2494 123127
2494 2493 154981
2493 2492 195609
2492 2491 180689
2491 2490 195167
2490 2489 141704
2489 2488 131193
2488 2487 139089
2487 2486 137918
2486 2485 179373
2485 2484 155537
2484 2483 142846
2483 2482 109422
2482 2481 169015
2481 2480 103517
2480 2479 168244
2479 2478 194193
2478 2477 185812
2477 2476 144371
2476 2475 117024
2475 2474 120858
2474 2473 138106
2473 2472 100007
2472 2471 170988
2471 2470 168517
2470 2469 112688
2469 2468 176670
2468 2467 192647
2467 2466 105685
2466 2465 110853
2465 2464 191910
2464 2463 107900
2463 2462 141609
2462 2461 106168
2461 2460 148034
2460 2459 110713
2459 2458 198692
2458 2457 128613
2457 2456 127193
2456 2455 129077
2455 2454 155635
2454 2453 172108
2453 2452 182659
2452 2451 178219
5
839
1089
943
838
1044
6
1782
1538
1780
1881
1679
1585
6
583
633
1033
830
577
878
6
1604
1256
1304
1306
1155
1401
6
1637
1583
1734
1785
1935
1988
6
282
431
380
384
284
277
5
983
985
1388
1180
1040
6
1250
896
944
894
1145
1198
6
1079
1029
785
984
731
1236
6
1779
1523
1427
1474
1821
1425
6
179
239
32
335
482
183
6
536
580
586
535
589
286
4
994
1097
1094
1049
5
1296
1144
795
1190
1090
6
2082
1938
2089
1932
2032
2237
4
1649
1692
1796
1743
6
1536
1832
1937
1437
1481
1739
4
2190
2097
2050
2345
6
522
775
526
428
369
473
5
2486
2285
2090
2142
2333
4
2128
2278
1980
2280
5
1284
1181
1179
1080
1483
6
1976
2031
2131
2180
2279
2076
5
211
315
316
65
109
5
1376
1476
1480
1377
1886
3
1635
1640
1740
5
500
548
700
694
497
6
2301
2408
2405
2004
2256
2158
5
459
302
757
606
254
5
206
251
53
155
52
6
466
361
511
358
207
411
5
417
518
766
713
611
6
1014
812
966
1010
961
1111
6
275
422
178
278
26
25
6
1978
1822
1672
1773
1871
1974
6
2270
2273
2271
2222
2424
2479
5
1199
899
1093
995
945
3
667
723
364
6
722
724
729
627
876
777
5
1330
1830
1729
1487
1831
4
1078
1027
778
1073
4
783
736
489
938
6
918
1167
1176
1077
1070
923
6
2484
2488
2135
2233
2483
2231
6
1916
1919
1969
1721
2066
1722
5
692
1035
639
793
788
5
596
400
396
644
741
5
2323
1880
2079
1877
2328
6
262
363
10
164
309
59
6
1464
1555
1357
1560
1508
1863
