1000
2700
15
1855587
1 101 13565
1 11 13992
1 2 19640
2 102 13237
2 12 15979
2 3 10300
3 103 15642
3 13 19228
3 4 16187
4 104 12324
4 14 11181
4 5 19590
5 105 15965
5 15 11685
5 6 11513
6 106 17326
6 16 12863
6 7 15486
7 107 11369
7 17 13987
7 8 15251
8 108 18259
8 18 10566
8 9 19388
9 109 13070
9 19 17391
9 10 15615
10 110 11529
10 20 11797
20 120 16081
20 30 12387
20 19 10984
19 119 10684
19 29 10779
19 18 11157
18 118 14473
18 28 10508
18 17 11199
17 117 12901
17 27 10132
17 16 15546
16 116 19250
16 26 12505
16 15 13932
15 115 12421
15 25 10994
15 14 18227
14 114 17187
14 24 15088
14 13 17452
13 113 11745
13 23 16303
13 12 14044
12 112 15541
12 22 11079
12 11 14449
11 111 19831
11 21 19028
21 121 17844
21 31 19290
21 22 11520
22 122 14703
22 32 11256
22 23 14596
23 123 15692
23 33 18511
23 24 11019
24 124 15105
24 34 13686
24 25 14300
25 125 13571
25 35 14060
25 26 17290
26 126 12051
26 36 18265
26 27 19598
27 127 18548
27 37 10092
27 28 14969
28 128 19595
28 38 13761
28 29 10977
29 129 17534
29 39 15678
29 30 13234
30 130 15801
30 40 14478
40 140 12219
40 50 17946
40 39 14540
39 139 13615
39 49 15175
39 38 10080
38 138 14778
38 48 13909
38 37 16382
37 137 17310
37 47 14853
37 36 16407
36 136 10189
36 46 12099
36 35 16571
35 135 12255
35 45 18211
35 34 13948
34 134 19770
34 44 12442
34 33 18957
33 133 17713
33 43 12716
33 32 19864
32 132 11954
32 42 11953
32 31 10749
31 131 17079
31 41 13844
41 141 17421
41 51 16325
41 42 17864
42 142 13983
42 52 19236
42 43 12380
43 143 18681
43 53 15242
43 44 10323
44 144 10568
44 54 16129
44 45 18058
45 145 10510
45 55 15619
45 46 11524
46 146 12710
46 56 16788
46 47 16427
47 147 19743
47 57 13571
47 48 17960
48 148 13261
48 58 14824
48 49 12269
49 149 16382
49 59 18505
49 50 17280
50 150 15475
50 60 14507
60 160 17585
60 70 16013
60 59 16198
59 159 17943
59 69 19797
59 58 19459
58 158 12505
58 68 19700
58 57 12471
57 157 14995
57 67 19420
57 56 14315
56 156 12997
56 66 19645
56 55 10569
55 155 13760
55 65 11131
55 54 16365
54 154 19212
54 64 13484
54 53 16047
53 153 18378
53 63 16802
53 52 16006
52 152 16055
52 62 13782
52 51 18984
51 151 12660
51 61 11941
61 161 17512
61 71 16961
61 62 10565
62 162 16775
62 72 19441
62 63 13256
63 163 19752
63 73 16069
63 64 10875
64 164 17509
64 74 18578
64 65 12275
65 165 14064
65 75 11112
65 66 13541
66 166 14376
66 76 10926
66 67 11714
67 167 11859
67 77 12631
67 68 15179
68 168 16239
68 78 19407
68 69 10041
69 169 13974
69 79 19257
69 70 17886
70 170 12063
70 80 10927
80 180 19909
80 90 17408
80 79 19558
79 179 11342
79 89 10715
79 78 19776
78 178 12544
78 88 11466
78 77 18609
77 177 12560
77 87 14945
77 76 10808
76 176 13979
76 86 14962
76 75 11243
75 175 12484
75 85 12758
75 74 12680
74 174 14922
74 84 18420
74 73 10965
73 173 16210
73 83 10596
73 72 19535
72 172 19964
72 82 13010
72 71 10922
71 171 13884
71 81 14402
81 181 18633
81 91 12819
81 82 19811
82 182 15827
82 92 15124
82 83 19928
83 183 19747
83 93 15672
83 84 17873
84 184 18376
84 94 16056
84 85 19205
85 185 14616
85 95 18255
85 86 10139
86 186 18550
86 96 12810
86 87 17661
87 187 11220
87 97 13630
87 88 13815
88 188 16967
88 98 15851
88 89 16998
89 189 15202
89 99 14858
89 90 10884
90 190 12822
90 100 14055
100 200 14553
100 99 13123
99 199 14526
99 98 14539
98 198 18719
98 97 18505
97 197 12720
97 96 14712
96 196 10703
96 95 14805
95 195 11583
95 94 16455
94 194 19453
94 93 16696
93 193 18017
93 92 13214
92 192 18301
92 91 10505
91 191 15704
191 291 14747
191 181 13464
191 192 16909
192 292 17315
192 182 15355
192 193 18951
193 293 12912
193 183 11018
193 194 13033
194 294 10172
194 184 18114
194 195 10159
195 295 17774
195 185 15340
195 196 14454
196 296 13310
196 186 12513
196 197 15529
197 297 19122
197 187 17122
197 198 12010
198 298 10323
198 188 18622
198 199 13758
199 299 19088
199 189 16605
199 200 18151
200 300 10202
200 190 18515
190 290 13630
190 180 19106
190 189 11650
189 289 13349
189 179 18569
189 188 11392
188 288 12819
188 178 15071
188 187 11024
187 287 12541
187 177 15078
187 186 19899
186 286 19982
186 176 13866
186 185 14971
185 285 15339
185 175 15993
185 184 14969
184 284 19253
184 174 12031
184 183 14905
183 283 16813
183 173 12774
183 182 19810
182 282 13555
182 172 10740
182 181 18244
181 281 16998
181 171 14018
171 271 15694
171 161 10233
171 172 16071
172 272 14314
172 162 13801
172 173 15829
173 273 16427
173 163 14016
173 174 17651
174 274 11736
174 164 19673
174 175 12567
175 275 16445
175 165 13563
175 176 15200
176 276 14686
176 166 18866
176 177 11218
177 277 10293
177 167 18236
177 178 17028
178 278 14215
178 168 12154
178 179 16231
179 279 15497
179 169 12165
179 180 12580
180 280 18508
180 170 18254
170 270 17726
170 160 19963
170 169 12329
169 269 19962
169 159 18943
169 168 14253
168 268 18693
168 158 12887
168 167 19317
167 267 12446
167 157 12524
167 166 10630
166 266 10725
166 156 17264
166 165 12831
165 265 13743
165 155 12604
165 164 18908
164 264 10191
164 154 14781
164 163 16641
163 263 19979
163 153 13793
163 162 17242
162 262 11731
162 152 16415
162 161 17985
161 261 17750
161 151 10670
151 251 16137
151 141 18921
151 152 12141
152 252 17794
152 142 18866
152 153 14261
153 253 11406
153 143 15506
153 154 17027
154 254 14417
154 144 13694
154 155 11633
155 255 11563
155 145 13881
155 156 18975
156 256 16163
156 146 12308
156 157 17629
157 257 16015
157 147 14667
157 158 12124
158 258 19069
158 148 11611
158 159 13797
159 259 11608
159 149 16912
159 160 10986
160 260 14112
160 150 10476
150 250 15330
150 140 15457
150 149 10107
149 249 19121
149 139 15626
149 148 12637
148 248 11332
148 138 11866
148 147 10287
147 247 19145
147 137 18244
147 146 13695
146 246 14080
146 136 15421
146 145 16019
145 245 18677
145 135 17449
145 144 11824
144 244 19817
144 134 13925
144 143 11575
143 243 14486
143 133 15425
143 142 17737
142 242 12436
142 132 17417
142 141 19369
141 241 17119
141 131 14252
131 231 13231
131 121 15266
131 132 13783
132 232 15188
132 122 16572
132 133 10399
133 233 19433
133 123 19974
133 134 14772
134 234 16599
134 124 18268
134 135 10996
135 235 15275
135 125 13810
135 136 14437
136 236 11076
136 126 18533
136 137 13047
137 237 18796
137 127 12951
137 138 12170
138 238 15119
138 128 13234
138 139 11395
139 239 14883
139 129 13539
139 140 19939
140 240 15287
140 130 16238
130 230 14441
130 120 17063
130 129 19388
129 229 16217
129 119 12389
129 128 10198
128 228 15940
128 118 18104
128 127 17734
127 227 12014
127 117 18393
127 126 19549
126 226 14583
126 116 19916
126 125 14423
125 225 17162
125 115 16009
125 124 19693
124 224 15663
124 114 17724
124 123 17256
123 223 12267
123 113 10802
123 122 15544
122 222 10535
122 112 19500
122 121 12047
121 221 13916
121 111 16466
111 211 10710
111 101 15019
111 112 11728
112 212 13893
112 102 15122
112 113 17832
113 213 16069
113 103 14673
113 114 13059
114 214 14634
114 104 16906
114 115 15425
115 215 19839
115 105 14226
115 116 10870
116 216 15188
116 106 13039
116 117 18639
117 217 16974
117 107 13905
117 118 19601
118 218 12802
118 108 13788
118 119 14546
119 219 14872
119 109 17819
119 120 14915
120 220 13921
120 110 15262
110 210 19051
110 109 19701
109 209 19784
109 108 10790
108 208 14719
108 107 11294
107 207 13287
107 106 19601
106 206 12471
106 105 14296
105 205 19346
105 104 13323
104 204 18378
104 103 11576
103 203 13520
103 102 17041
102 202 13952
102 101 15896
101 201 12991
201 301 10400
201 211 18736
201 202 11282
202 302 10866
202 212 13939
202 203 13870
203 303 19593
203 213 10918
203 204 10535
204 304 12150
204 214 17954
204 205 14501
205 305 11740
205 215 18553
205 206 16569
206 306 16491
206 216 19540
206 207 12082
207 307 13628
207 217 12557
207 208 18979
208 308 14692
208 218 17126
208 209 17640
209 309 18010
209 219 10884
209 210 14722
210 310 13179
210 220 11253
220 320 10105
220 230 17647
220 219 12797
219 319 18339
219 229 12763
219 218 19801
218 318 11294
218 228 17923
218 217 16540
217 317 19165
217 227 12471
217 216 16585
216 316 17469
216 226 16909
216 215 12146
215 315 18922
215 225 19737
215 214 10175
214 314 13960
214 224 17384
214 213 17309
213 313 15034
213 223 12010
213 212 10613
212 312 19877
212 222 17798
212 211 10540
211 311 14089
211 221 10860
221 321 14989
221 231 16224
221 222 12879
222 322 14144
222 232 16170
222 223 16965
223 323 17146
223 233 11732
223 224 15820
224 324 14754
224 234 11934
224 225 14618
225 325 10000
225 235 17747
225 226 14497
226 326 16492
226 236 10999
226 227 17089
227 327 13039
227 237 18187
227 228 18843
228 328 11138
228 238 14139
228 229 18020
229 329 19216
229 239 10949
229 230 15639
230 330 11363
230 240 18644
240 340 18409
240 250 13831
240 239 12217
239 339 19381
239 249 10690
239 238 15554
238 338 19659
238 248 16244
238 237 14859
237 337 10295
237 247 18633
237 236 16667
236 336 14072
236 246 14334
236 235 14214
235 335 15170
235 245 13137
235 234 12711
234 334 12893
234 244 19895
234 233 13671
233 333 18645
233 243 16228
233 232 17191
232 332 12672
232 242 15836
232 231 14021
231 331 12145
231 241 14485
241 341 15677
241 251 18512
241 242 11834
242 342 15820
242 252 10735
242 243 16089
243 343 16564
243 253 14671
243 244 10792
244 344 14133
244 254 17440
244 245 12518
245 345 15601
245 255 19928
245 246 17391
246 346 13261
246 256 13339
246 247 16546
247 347 11591
247 257 13662
247 248 14923
248 348 13104
248 258 14112
248 249 18252
249 349 16149
249 259 15144
249 250 13894
250 350 12786
250 260 17926
260 360 13540
260 270 16952
260 259 18580
259 359 16816
259 269 10783
259 258 15735
258 358 19170
258 268 11185
258 257 16851
257 357 14047
257 267 18700
257 256 16530
256 356 14534
256 266 15429
256 255 16519
255 355 14075
255 265 12650
255 254 18034
254 354 18757
254 264 14564
254 253 15314
253 353 10674
253 263 15915
253 252 19279
252 352 16813
252 262 13335
252 251 14460
251 351 14941
251 261 13469
261 361 10843
261 271 18959
261 262 14053
262 362 12477
262 272 16059
262 263 19817
263 363 16444
263 273 10886
263 264 14992
264 364 16134
264 274 18574
264 265 10243
265 365 18009
265 275 17301
265 266 16926
266 366 16846
266 276 12036
266 267 15811
267 367 12506
267 277 16345
267 268 16234
268 368 10815
268 278 19070
268 269 12128
269 369 16558
269 279 16798
269 270 10136
270 370 13751
270 280 14341
280 380 19764
280 290 15175
280 279 14315
279 379 19272
279 289 11149
279 278 14513
278 378 11194
278 288 15204
278 277 19081
277 377 15940
277 287 18136
277 276 14164
276 376 10943
276 286 17640
276 275 10971
275 375 19439
275 285 19282
275 274 17295
274 374 10112
274 284 13102
274 273 17363
273 373 13022
273 283 13636
273 272 18442
272 372 19050
272 282 14044
272 271 19083
271 371 12904
271 281 18041
281 381 12839
281 291 14449
281 282 13188
282 382 19579
282 292 15058
282 283 12234
283 383 19008
283 293 11811
283 284 16297
284 384 14503
284 294 15219
284 285 16453
285 385 16007
285 295 15912
285 286 13918
286 386 14603
286 296 18094
286 287 16150
287 387 14675
287 297 16512
287 288 12527
288 388 12120
288 298 12515
288 289 18068
289 389 12568
289 299 19022
289 290 12260
290 390 17322
290 300 12140
300 400 19117
300 299 12410
299 399 12596
299 298 14549
298 398 15348
298 297 12269
297 397 17133
297 296 12531
296 396 19396
296 295 12946
295 395 11958
295 294 16488
294 394 13644
294 293 17298
293 393 11202
293 292 14326
292 392 12511
292 291 18002
291 391 16970
391 491 10752
391 381 14731
391 392 19436
392 492 12455
392 382 14626
392 393 17501
393 493 12031
393 383 11778
393 394 13585
394 494 12736
394 384 10782
394 395 10980
395 495 18934
395 385 13779
395 396 19043
396 496 17328
396 386 18583
396 397 15817
397 497 11098
397 387 18562
397 398 12789
398 498 14830
398 388 16148
398 399 11022
399 499 14773
399 389 18245
399 400 15264
400 500 18033
400 390 15316
390 490 16605
390 380 15310
390 389 19776
389 489 14331
389 379 19616
389 388 10832
388 488 14497
388 378 11264
388 387 18186
387 487 16388
387 377 13882
387 386 16326
386 486 14899
386 376 10895
386 385 18835
385 485 17593
385 375 18556
385 384 17308
384 484 17267
384 374 18089
384 383 15945
383 483 15357
383 373 13869
383 382 11786
382 482 16467
382 372 14336
382 381 17638
381 481 12194
381 371 18297
371 471 15334
371 361 10368
371 372 17031
372 472 11443
372 362 13488
372 373 14123
373 473 19310
373 363 18990
373 374 10565
374 474 12794
374 364 14719
374 375 18258
375 475 13323
375 365 15737
375 376 13666
376 476 18345
376 366 12021
376 377 18015
377 477 18735
377 367 11449
377 378 11374
378 478 11877
378 368 17877
378 379 17457
379 479 11000
379 369 15627
379 380 13772
380 480 13891
380 370 11498
370 470 19965
370 360 14877
370 369 11082
369 469 19186
369 359 16279
369 368 12522
368 468 19997
368 358 18759
368 367 12509
367 467 19184
367 357 10489
367 366 14019
366 466 18204
366 356 13933
366 365 14088
365 465 15460
365 355 10473
365 364 12860
364 464 12765
364 354 17220
364 363 14042
363 463 15427
363 353 16833
363 362 11580
362 462 11874
362 352 19662
362 361 13960
361 461 12328
361 351 14826
351 451 13282
351 341 15867
351 352 12519
352 452 10141
352 342 19375
352 353 16838
353 453 14023
353 343 16079
353 354 14022
354 454 13106
354 344 15921
354 355 18325
355 455 16363
355 345 11190
355 356 12966
356 456 11415
356 346 11494
356 357 18924
357 457 18534
357 347 15631
357 358 17668
358 458 18699
358 348 17815
358 359 14426
359 459 14138
359 349 17460
359 360 16745
360 460 17575
360 350 14469
350 450 11752
350 340 18979
350 349 17017
349 449 11156
349 339 16405
349 348 19268
348 448 11412
348 338 17929
348 347 13462
347 447 19025
347 337 12361
347 346 18200
346 446 16982
346 336 15252
346 345 17076
345 445 18955
345 335 11250
345 344 10378
344 444 19105
344 334 13109
344 343 13208
343 443 15836
343 333 12935
343 342 16754
342 442 12887
342 332 12569
342 341 10481
341 441 19851
341 331 16652
331 431 14232
331 321 18411
331 332 11499
332 432 13585
332 322 10422
332 333 16699
333 433 12213
333 323 15583
333 334 10939
334 434 12085
334 324 17649
334 335 10262
335 435 14540
335 325 14763
335 336 18285
336 436 19979
336 326 18104
336 337 19140
337 437 15872
337 327 10968
337 338 18609
338 438 10106
338 328 12923
338 339 17207
339 439 18157
339 329 15826
339 340 12090
340 440 13883
340 330 18672
330 430 19961
330 320 19343
330 329 10770
329 429 18093
329 319 10348
329 328 14145
328 428 13955
328 318 13414
328 327 12751
327 427 10025
327 317 10342
327 326 19768
326 426 11061
326 316 11139
326 325 15836
325 425 12777
325 315 12697
325 324 15068
324 424 17362
324 314 16184
324 323 12371
323 423 19357
323 313 16974
323 322 13999
322 422 14612
322 312 18283
322 321 19421
321 421 12903
321 311 17148
311 411 16873
311 301 16712
311 312 18785
312 412 16942
312 302 12366
312 313 10676
313 413 13321
313 303 14437
313 314 19997
314 414 13295
314 304 14668
314 315 15002
315 415 10529
315 305 16555
315 316 17960
316 416 10203
316 306 18718
316 317 17203
317 417 14760
317 307 18977
317 318 17132
318 418 13709
318 308 16594
318 319 15468
319 419 15781
319 309 12843
319 320 17384
320 420 17088
320 310 12354
310 410 11473
310 309 11116
309 409 10507
309 308 14350
308 408 14464
308 307 18916
307 407 14788
307 306 13385
306 406 14694
306 305 16954
305 405 13694
305 304 18377
304 404 13796
304 303 10507
303 403 11964
303 302 16449
302 402 10973
302 301 11034
301 401 16782
401 501 15615
401 411 13309
401 402 12134
402 502 11128
402 412 19219
402 403 13220
403 503 11101
403 413 16434
403 404 18118
404 504 17582
404 414 15629
404 405 13960
405 505 12531
405 415 10836
405 406 15640
406 506 10577
406 416 13025
406 407 11768
407 507 11412
407 417 14102
407 408 11948
408 508 12959
408 418 11071
408 409 17660
409 509 11155
409 419 13358
409 410 12620
410 510 17988
410 420 10379
420 520 15024
420 430 11790
420 419 19504
419 519 11909
419 429 11337
419 418 17588
418 518 14892
418 428 10971
418 417 11041
417 517 14325
417 427 12442
417 416 11950
416 516 12122
416 426 18314
416 415 18176
415 515 19043
415 425 16142
415 414 11879
414 514 19666
414 424 16006
414 413 14509
413 513 10189
413 423 10803
413 412 16193
412 512 15107
412 422 11847
412 411 13946
411 511 18158
411 421 18946
421 521 10230
421 431 11389
421 422 10413
422 522 18958
422 432 14868
422 423 17914
423 523 19263
423 433 15608
423 424 16137
424 524 18033
424 434 10528
424 425 12619
425 525 14697
425 435 15005
425 426 15990
426 526 16451
426 436 13737
426 427 18342
427 527 15479
427 437 10281
427 428 15304
428 528 10693
428 438 10678
428 429 14966
429 529 14247
429 439 14037
429 430 12460
430 530 10608
430 440 11436
440 540 13072
440 450 19677
440 439 15976
439 539 18252
439 449 10120
439 438 12690
438 538 18343
438 448 13619
438 437 19561
437 537 16109
437 447 10055
437 436 10678
436 536 12007
436 446 16450
436 435 16879
435 535 18219
435 445 16810
435 434 17582
434 534 10406
434 444 16207
434 433 10211
433 533 19510
433 443 15460
433 432 16787
432 532 15862
432 442 18851
432 431 12159
431 531 12614
431 441 16912
441 541 17623
441 451 11721
441 442 12926
442 542 12270
442 452 17616
442 443 19047
443 543 12091
443 453 13965
443 444 13426
444 544 19082
444 454 17037
444 445 13052
445 545 15556
445 455 14802
445 446 12091
446 546 10901
446 456 15989
446 447 16812
447 547 10432
447 457 10931
447 448 13942
448 548 16727
448 458 16576
448 449 11363
449 549 10881
449 459 12846
449 450 14495
450 550 13507
450 460 16145
460 560 13350
460 470 15717
460 459 18091
459 559 16316
459 469 10621
459 458 13934
458 558 17258
458 468 15928
458 457 16825
457 557 10454
457 467 19138
457 456 14968
456 556 16218
456 466 18581
456 455 18753
455 555 12136
455 465 14390
455 454 18949
454 554 10117
454 464 10930
454 453 19222
453 553 17810
453 463 13959
453 452 12769
452 552 18026
452 462 12040
452 451 13516
451 551 16722
451 461 19332
461 561 15776
461 471 18986
461 462 17794
462 562 19696
462 472 19843
462 463 11658
463 563 10992
463 473 18351
463 464 10417
464 564 14604
464 474 15643
464 465 11740
465 565 18000
465 475 16853
465 466 13993
466 566 13810
466 476 11242
466 467 12135
467 567 11007
467 477 15939
467 468 16812
468 568 14204
468 478 10861
468 469 10395
469 569 16219
469 479 15738
469 470 11542
470 570 14966
470 480 19676
480 580 16182
480 490 11263
480 479 10544
479 579 13498
479 489 16472
479 478 18699
478 578 18796
478 488 14567
478 477 11781
477 577 17028
477 487 18151
477 476 13892
476 576 11478
476 486 14149
476 475 16300
475 575 19141
475 485 19388
475 474 14514
474 574 13447
474 484 17539
474 473 11819
473 573 15371
473 483 13275
473 472 19833
472 572 10438
472 482 11398
472 471 19806
471 571 10586
471 481 18185
481 581 17245
481 491 10456
481 482 11036
482 582 14791
482 492 10660
482 483 10189
483 583 17321
483 493 16353
483 484 14248
484 584 16902
484 494 10983
484 485 12772
485 585 11035
485 495 10457
485 486 13327
486 586 16107
486 496 19708
486 487 15705
487 587 17720
487 497 14218
487 488 15904
488 588 12110
488 498 14137
488 489 16389
489 589 12111
489 499 18083
489 490 10232
490 590 15689
490 500 14962
500 600 11932
500 499 19162
499 599 13841
499 498 15215
498 598 13272
498 497 17088
497 597 18478
497 496 16941
496 596 17735
496 495 17689
495 595 13065
495 494 13545
494 594 10741
494 493 10137
493 593 12484
493 492 13358
492 592 17545
492 491 14727
491 591 18286
591 691 14458
591 581 18320
591 592 13487
592 692 14621
592 582 13527
592 593 13176
593 693 15189
593 583 10607
593 594 17172
594 694 17464
594 584 12118
594 595 19208
595 695 12784
595 585 11313
595 596 19166
596 696 13961
596 586 13949
596 597 13909
597 697 15013
597 587 10091
597 598 11522
598 698 15504
598 588 16662
598 599 19688
599 699 12845
599 589 10815
599 600 19670
600 700 10845
600 590 19693
590 690 19333
590 580 15718
590 589 10122
589 689 16586
589 579 19026
589 588 14164
588 688 19403
588 578 15159
588 587 13106
587 687 10850
587 577 18758
587 586 14958
586 686 15398
586 576 17723
586 585 11964
585 685 10939
585 575 15672
585 584 19874
584 684 19934
584 574 10542
584 583 12175
583 683 19503
583 573 17911
583 582 13480
582 682 11703
582 572 15006
582 581 11873
581 681 13192
581 571 15183
571 671 16743
571 561 16220
571 572 18308
572 672 12244
572 562 11473
572 573 14688
573 673 12707
573 563 10959
573 574 16515
574 674 19930
574 564 18375
574 575 16302
575 675 15883
575 565 10536
575 576 12382
576 676 16099
576 566 10256
576 577 16507
577 677 12897
577 567 19316
577 578 18898
578 678 13732
578 568 16619
578 579 12295
579 679 18905
579 569 15260
579 580 13414
580 680 15796
580 570 13018
570 670 14740
570 560 14886
570 569 15849
569 669 10942
569 559 15332
569 568 14128
568 668 12094
568 558 10092
568 567 19755
567 667 19298
567 557 14536
567 566 10479
566 666 15440
566 556 16227
566 565 10443
565 665 18032
565 555 16652
565 564 15565
564 664 10876
564 554 14561
564 563 17267
563 663 12363
563 553 15111
563 562 17554
562 662 15153
562 552 13114
562 561 13853
561 661 14503
561 551 15323
551 651 18208
551 541 10228
551 552 11050
552 652 19080
552 542 11942
552 553 10978
553 653 16880
553 543 11342
553 554 18569
554 654 17589
554 544 16600
554 555 16594
555 655 19156
555 545 19211
555 556 10579
556 656 10372
556 546 19421
556 557 16697
557 657 12806
557 547 11778
557 558 14131
558 658 14951
558 548 15450
558 559 14963
559 659 18339
559 549 13071
559 560 18081
560 660 15684
560 550 10607
550 650 11158
550 540 15310
550 549 10867
549 649 16827
549 539 17858
549 548 19009
548 648 11495
548 538 12031
548 547 19326
547 647 13247
547 537 18316
547 546 19629
546 646 14096
546 536 14844
546 545 17219
545 645 13409
545 535 19015
545 544 12558
544 644 10002
544 534 11268
544 543 12221
543 643 15414
543 533 15343
543 542 18139
542 642 15616
542 532 12669
542 541 19719
541 641 13363
541 531 16949
531 631 14929
531 521 15405
531 532 10943
532 632 19852
532 522 15097
532 533 18896
533 633 10072
533 523 16964
533 534 16848
534 634 11522
534 524 12657
534 535 11959
535 635 15316
535 525 11598
535 536 19756
536 636 17860
536 526 19560
536 537 12423
537 637 15637
537 527 18062
537 538 11276
538 638 15759
538 528 12452
538 539 18827
539 639 10526
539 529 13548
539 540 17793
540 640 14179
540 530 10913
530 630 15129
530 520 19962
530 529 10602
529 629 11456
529 519 17154
529 528 19769
528 628 19219
528 518 10778
528 527 18734
527 627 12153
527 517 15461
527 526 11753
526 626 11231
526 516 10820
526 525 13355
525 625 16112
525 515 12353
525 524 13822
524 624 17667
524 514 18947
524 523 13959
523 623 15874
523 513 14211
523 522 11040
522 622 13937
522 512 11822
522 521 19788
521 621 14819
521 511 16286
511 611 11740
511 501 12994
511 512 12622
512 612 10951
512 502 10714
512 513 15626
513 613 18270
513 503 18063
513 514 13019
514 614 17147
514 504 10573
514 515 11539
515 615 16091
515 505 15812
515 516 18166
516 616 16913
516 506 16668
516 517 12321
517 617 16962
517 507 15830
517 518 11901
518 618 10367
518 508 12124
518 519 19568
519 619 15187
519 509 12858
519 520 19645
520 620 19137
520 510 19176
510 610 10225
510 509 15189
509 609 15554
509 508 12400
508 608 16598
508 507 15461
507 607 11919
507 506 13214
506 606 16255
506 505 16059
505 605 11942
505 504 19323
504 604 15390
504 503 10744
503 603 17167
503 502 12450
502 602 11088
502 501 13339
501 601 17042
601 701 14333
601 611 13399
601 602 19662
602 702 12540
602 612 14026
602 603 11310
603 703 19561
603 613 12621
603 604 10204
604 704 13116
604 614 10398
604 605 18585
605 705 15798
605 615 16485
605 606 18674
606 706 10455
606 616 15830
606 607 17845
607 707 18174
607 617 16365
607 608 16417
608 708 18921
608 618 16308
608 609 18065
609 709 13583
609 619 14441
609 610 14781
610 710 13224
610 620 11602
620 720 12454
620 630 15426
620 619 14612
619 719 10663
619 629 18102
619 618 14451
618 718 11034
618 628 15163
618 617 10546
617 717 13925
617 627 10083
617 616 19980
616 716 19772
616 626 18587
616 615 15786
615 715 10386
615 625 13531
615 614 15788
614 714 13828
614 624 16662
614 613 19744
613 713 15000
613 623 13447
613 612 18383
612 712 18609
612 622 19334
612 611 14763
611 711 14341
611 621 11522
621 721 19515
621 631 11289
621 622 13421
622 722 14228
622 632 16451
622 623 16397
623 723 16122
623 633 17332
623 624 15884
624 724 16865
624 634 18410
624 625 11507
625 725 15363
625 635 15437
625 626 11478
626 726 17766
626 636 13468
626 627 14683
627 727 12750
627 637 12028
627 628 15732
628 728 14028
628 638 15777
628 629 15701
629 729 12418
629 639 16369
629 630 19761
630 730 11057
630 640 10191
640 740 12105
640 650 18249
640 639 16367
639 739 15749
639 649 14203
639 638 14047
638 738 12145
638 648 16265
638 637 15571
637 737 17001
637 647 13726
637 636 10787
636 736 18353
636 646 18543
636 635 19463
635 735 13588
635 645 17893
635 634 16402
634 734 10118
634 644 10366
634 633 10016
633 733 12562
633 643 18753
633 632 18357
632 732 16667
632 642 17430
632 631 16465
631 731 17918
631 641 11916
641 741 19486
641 651 16309
641 642 19472
642 742 13802
642 652 12867
642 643 16090
643 743 15378
643 653 10371
643 644 12688
644 744 17458
644 654 12770
644 645 19176
645 745 19339
645 655 13924
645 646 13847
646 746 17740
646 656 14951
646 647 13270
647 747 17991
647 657 12686
647 648 18782
648 748 14804
648 658 13985
648 649 13532
649 749 13608
649 659 19419
649 650 19344
650 750 10258
650 660 19452
660 760 16926
660 670 12156
660 659 15091
659 759 18312
659 669 17817
659 658 14322
658 758 19750
658 668 13040
658 657 18887
657 757 14678
657 667 15272
657 656 18942
656 756 17012
656 666 17543
656 655 15931
655 755 19225
655 665 14988
655 654 10109
654 754 17382
654 664 19244
654 653 13018
653 753 18659
653 663 17271
653 652 13761
652 752 11418
652 662 15315
652 651 17900
651 751 14068
651 661 15259
661 761 16137
661 671 14677
661 662 13711
662 762 13456
662 672 16015
662 663 18304
663 763 15011
663 673 19667
663 664 18629
664 764 11152
664 674 15720
664 665 11231
665 765 17301
665 675 16995
665 666 13571
666 766 16277
666 676 17542
666 667 19328
667 767 14506
667 677 11779
667 668 12254
668 768 15361
668 678 17750
668 669 18320
669 769 16747
669 679 16100
669 670 14880
670 770 16978
670 680 11477
680 780 17554
680 690 18277
680 679 10413
679 779 18846
679 689 11948
679 678 11555
678 778 18419
678 688 19647
678 677 10299
677 777 15120
677 687 10238
677 676 19502
676 776 10659
676 686 15249
676 675 16499
675 775 17623
675 685 12497
675 674 10550
674 774 17615
674 684 16140
674 673 18817
673 773 15484
673 683 17617
673 672 17892
672 772 15448
672 682 19432
672 671 17260
671 771 15626
671 681 13357
681 781 18047
681 691 14229
681 682 18958
682 782 10880
682 692 14470
682 683 12499
683 783 19787
683 693 19061
683 684 18487
684 784 12829
684 694 10681
684 685 10493
685 785 15593
685 695 14864
685 686 12804
686 786 17314
686 696 18025
686 687 17024
687 787 11133
687 697 12966
687 688 11408
688 788 17011
688 698 11956
688 689 14057
689 789 18532
689 699 19787
689 690 12556
690 790 15736
690 700 19712
700 800 16668
700 699 11579
699 799 14079
699 698 15244
698 798 15318
698 697 11069
697 797 14836
697 696 17552
696 796 16448
696 695 16060
695 795 17044
695 694 12559
694 794 11572
694 693 14077
693 793 16478
693 692 17292
692 792 16247
692 691 10693
691 791 12271
791 891 15909
791 781 19823
791 792 19481
792 892 11180
792 782 17112
792 793 19753
793 893 12774
793 783 12029
793 794 10298
794 894 18383
794 784 19719
794 795 10649
795 895 19477
795 785 12162
795 796 15071
796 896 13299
796 786 15602
796 797 10685
797 897 10197
797 787 12161
797 798 16901
798 898 16158
798 788 11915
798 799 11971
799 899 14490
799 789 15220
799 800 19721
800 900 15042
800 790 10127
790 890 12148
790 780 13583
790 789 14541
789 889 12643
789 779 10196
789 788 19256
788 888 13761
788 778 18582
788 787 16491
787 887 18729
787 777 16106
787 786 18260
786 886 18921
786 776 18738
786 785 12972
785 885 14982
785 775 10222
785 784 17578
784 884 15451
784 774 16249
784 783 17995
783 883 12519
783 773 17578
783 782 14311
782 882 10614
782 772 15445
782 781 10576
781 881 11324
781 771 14951
771 871 11768
771 761 14551
771 772 16248
772 872 17938
772 762 10044
772 773 14525
773 873 13985
773 763 16312
773 774 10870
774 874 17021
774 764 15223
774 775 15706
775 875 15291
775 765 19933
775 776 19850
776 876 17437
776 766 11651
776 777 13538
777 877 16530
777 767 19579
777 778 10285
778 878 13538
778 768 11611
778 779 19053
779 879 11204
779 769 17430
779 780 13466
780 880 11621
780 770 10393
770 870 15899
770 760 11417
770 769 15320
769 869 17641
769 759 17135
769 768 14419
768 868 13845
768 758 15522
768 767 13475
767 867 13825
767 757 11780
767 766 13432
766 866 12352
766 756 11804
766 765 17282
765 865 13056
765 755 17351
765 764 13241
764 864 17212
764 754 12677
764 763 16856
763 863 14260
763 753 11041
763 762 16283
762 862 11252
762 752 15239
762 761 10976
761 861 15615
761 751 13169
751 851 17536
751 741 18421
751 752 14115
752 852 18287
752 742 13973
752 753 14132
753 853 11338
753 743 11135
753 754 14316
754 854 17095
754 744 13816
754 755 16759
755 855 12496
755 745 16679
755 756 13173
756 856 17621
756 746 11596
756 757 18368
757 857 16862
757 747 18614
757 758 11922
758 858 12868
758 748 13402
758 759 17964
759 859 14009
759 749 11590
759 760 13430
760 860 10748
760 750 13853
750 850 10958
750 740 19721
750 749 16661
749 849 16301
749 739 19789
749 748 16778
748 848 19393
748 738 14661
748 747 15728
747 847 11721
747 737 17655
747 746 10792
746 846 14726
746 736 19425
746 745 12827
745 845 11084
745 735 17078
745 744 13275
744 844 16180
744 734 17376
744 743 15223
743 843 14119
743 733 18321
743 742 13549
742 842 16861
742 732 10707
742 741 11963
741 841 12106
741 731 12962
731 831 12118
731 721 16027
731 732 10676
732 832 10695
732 722 15458
732 733 17999
733 833 16381
733 723 18024
733 734 19626
734 834 15488
734 724 14494
734 735 17392
735 835 16938
735 725 17627
735 736 16254
736 836 15527
736 726 10792
736 737 14129
737 837 10011
737 727 18270
737 738 13322
738 838 19017
738 728 11889
738 739 15260
739 839 13112
739 729 15680
739 740 16548
740 840 15267
740 730 17368
730 830 19146
730 720 19173
730 729 17957
729 829 18522
729 719 14448
729 728 17010
728 828 13664
728 718 17197
728 727 12314
727 827 18495
727 717 11645
727 726 14492
726 826 12390
726 716 15649
726 725 16421
725 825 14596
725 715 18956
725 724 13698
724 824 10054
724 714 13142
724 723 14157
723 823 15751
723 713 14831
723 722 16443
722 822 12037
722 712 17518
722 721 14555
721 821 17728
721 711 17758
711 811 10190
711 701 17546
711 712 11731
712 812 13346
712 702 17667
712 713 11394
713 813 16660
713 703 15085
713 714 11099
714 814 16222
714 704 16480
714 715 10910
715 815 18647
715 705 16989
715 716 15494
716 816 13531
716 706 11762
716 717 14135
717 817 14014
717 707 13031
717 718 13171
718 818 15264
718 708 17710
718 719 14178
719 819 14515
719 709 13483
719 720 18257
720 820 15735
720 710 13201
710 810 14037
710 709 10584
709 809 19146
709 708 12718
708 808 17356
708 707 13043
707 807 15605
707 706 15215
706 806 14565
706 705 19058
705 805 13963
705 704 19858
704 804 15131
704 703 13345
703 803 14947
703 702 12325
702 802 19603
702 701 13029
701 801 11535
801 901 15418
801 811 17259
801 802 11851
802 902 12703
802 812 14364
802 803 19778
803 903 15605
803 813 10430
803 804 16417
804 904 14986
804 814 16620
804 805 15425
805 905 15070
805 815 18643
805 806 15996
806 906 17017
806 816 11451
806 807 14035
807 907 16935
807 817 15973
807 808 11971
808 908 16255
808 818 11870
808 809 11716
809 909 11739
809 819 17271
809 810 11515
810 910 11165
810 820 16628
820 920 17957
820 830 10196
820 819 11741
819 919 17890
819 829 16285
819 818 11961
818 918 14257
818 828 17516
818 817 10102
817 917 11891
817 827 12534
817 816 10923
816 916 15581
816 826 12999
816 815 18998
815 915 17130
815 825 11618
815 814 14609
814 914 16346
814 824 11535
814 813 15455
813 913 11505
813 823 19736
813 812 18188
812 912 15822
812 822 11339
812 811 16039
811 911 17543
811 821 14885
821 921 17513
821 831 13746
821 822 15217
822 922 19595
822 832 16905
822 823 14871
823 923 16830
823 833 12646
823 824 18186
824 924 18837
824 834 10461
824 825 18805
825 925 12496
825 835 14246
825 826 15563
826 926 12643
826 836 17100
826 827 19373
827 927 13972
827 837 17432
827 828 13214
828 928 19299
828 838 13998
828 829 16475
829 929 19157
829 839 19432
829 830 15203
830 930 18822
830 840 17734
840 940 10842
840 850 19390
840 839 19321
839 939 19027
839 849 17755
839 838 14374
838 938 18411
838 848 13132
838 837 15400
837 937 12070
837 847 14970
837 836 16375
836 936 10815
836 846 14999
836 835 14068
835 935 12522
835 845 14734
835 834 12074
834 934 11344
834 844 18158
834 833 12928
833 933 19836
833 843 11329
833 832 11248
832 932 13025
832 842 15454
832 831 10401
831 931 14877
831 841 10974
841 941 19768
841 851 13260
841 842 14233
842 942 17620
842 852 13460
842 843 11592
843 943 12256
843 853 17494
843 844 15484
844 944 11668
844 854 10147
844 845 14082
845 945 17359
845 855 15267
845 846 10114
846 946 11255
846 856 15500
846 847 10866
847 947 15886
847 857 19181
847 848 14117
848 948 14852
848 858 13274
848 849 18916
849 949 15885
849 859 11496
849 850 17577
850 950 10507
850 860 13891
860 960 17528
860 870 11407
860 859 10317
859 959 13400
859 869 14379
859 858 10322
858 958 16930
858 868 15929
858 857 16868
857 957 10527
857 867 15481
857 856 13955
856 956 14849
856 866 10533
856 855 19455
855 955 10790
855 865 11441
855 854 13985
854 954 12495
854 864 11581
854 853 12702
853 953 16558
853 863 14857
853 852 17493
852 952 12633
852 862 10439
852 851 17865
851 951 13369
851 861 18912
861 961 18496
861 871 11083
861 862 11665
862 962 11618
862 872 12188
862 863 19280
863 963 14536
863 873 15293
863 864 18036
864 964 17480
864 874 15191
864 865 13157
865 965 15060
865 875 17655
865 866 16060
866 966 19315
866 876 19714
866 867 14318
867 967 18999
867 877 13146
867 868 18260
868 968 16817
868 878 11035
868 869 18479
869 969 13353
869 879 18354
869 870 17999
870 970 15677
870 880 15371
880 980 16275
880 890 19176
880 879 12119
879 979 16496
879 889 16297
879 878 17291
878 978 16439
878 888 18724
878 877 19636
877 977 10857
877 887 18464
877 876 12564
876 976 17594
876 886 16330
876 875 16902
875 975 12839
875 885 14868
875 874 10266
874 974 15345
874 884 17218
874 873 19960
873 973 12948
873 883 15402
873 872 17618
872 972 16898
872 882 11311
872 871 11110
871 971 11924
871 881 12760
881 981 19619
881 891 11935
881 882 13875
882 982 19720
882 892 17016
882 883 12027
883 983 14358
883 893 15295
883 884 10117
884 984 14047
884 894 17112
884 885 14063
885 985 19258
885 895 12987
885 886 14022
886 986 14655
886 896 18913
886 887 10539
887 987 10905
887 897 19532
887 888 17995
888 988 16509
888 898 18433
888 889 17413
889 989 12073
889 899 11838
889 890 13010
890 990 12563
890 900 14792
900 1000 15707
900 899 17720
899 999 14697
899 898 10298
898 998 16676
898 897 13893
897 997 18812
897 896 14614
896 996 10364
896 895 16416
895 995 18979
895 894 19232
894 994 18762
894 893 10554
893 993 16192
893 892 13482
892 992 11367
892 891 14276
891 991 10507
991 981 19244
991 992 11327
992 982 15319
992 993 16406
993 983 18269
993 994 13799
994 984 17269
994 995 19981
995 985 13064
995 996 14467
996 986 14881
996 997 12516
997 987 14051
997 998 15445
998 988 16934
998 999 13241
999 989 15557
999 1000 19424
1000 990 17416
990 980 15330
990 989 16867
989 979 14414
989 988 15952
988 978 11162
988 987 13075
987 977 15870
987 986 15988
986 976 13043
986 985 16147
985 975 15464
985 984 13691
984 974 14806
984 983 16698
983 973 15603
983 982 13566
982 972 10686
982 981 17239
981 971 19754
971 961 19913
971 972 10910
972 962 13484
972 973 12478
973 963 14608
973 974 13045
974 964 18374
974 975 10145
975 965 13970
975 976 17153
976 966 14573
976 977 15178
977 967 18273
977 978 10351
978 968 18232
978 979 10034
979 969 16913
979 980 17138
980 970 16274
970 960 13452
970 969 17522
969 959 18785
969 968 14727
968 958 18083
968 967 19016
967 957 16948
967 966 10203
966 956 16748
966 965 12285
965 955 16284
965 964 12525
964 954 14610
964 963 19250
963 953 18700
963 962 10457
962 952 11135
962 961 19293
961 951 15397
951 941 10043
951 952 14907
952 942 11287
952 953 11098
953 943 18559
953 954 13413
954 944 17412
954 955 19856
955 945 15719
955 956 13780
956 946 19308
956 957 14577
957 947 13873
957 958 12356
958 948 11636
958 959 18089
959 949 18606
959 960 16260
960 950 14079
950 940 10707
950 949 12007
949 939 12527
949 948 19312
948 938 15187
948 947 14579
947 937 14734
947 946 18121
946 936 12347
946 945 11114
945 935 11614
945 944 10349
944 934 17601
944 943 15428
943 933 10514
943 942 10446
942 932 10627
942 941 19228
941 931 15191
931 921 11465
931 932 13715
932 922 18788
932 933 17190
933 923 16461
933 934 16914
934 924 16320
934 935 13918
935 925 18083
935 936 13565
936 926 12989
936 937 17897
937 927 13058
937 938 10502
938 928 17649
938 939 11998
939 929 19153
939 940 13624
940 930 19250
930 920 17939
930 929 18774
929 919 13896
929 928 19071
928 918 12213
928 927 12147
927 917 15597
927 926 14893
926 916 11652
926 925 19844
925 915 12936
925 924 13202
924 914 13315
924 923 14988
923 913 13111
923 922 12151
922 912 10425
922 921 14851
921 911 16079
911 901 10186
911 912 14961
912 902 15313
912 913 12718
913 903 17269
913 914 15386
914 904 12004
914 915 10184
915 905 10967
915 916 17195
916 906 19116
916 917 14946
917 907 14400
917 918 15601
918 908 15664
918 919 11200
919 909 18299
919 920 13810
920 910 14234
910 909 19174
909 908 16829
908 907 10980
907 906 18569
906 905 11542
905 904 13946
904 903 16930
903 902 13069
902 901 14652
5
233
113
214
14
213
4
726
926
918
806
5
608
518
618
508
507
5
215
126
314
116
204
4
988
879
898
889
4
437
539
429
519
4
900
789
990
999
4
729
529
719
620
5
183
294
194
192
283
4
718
628
720
639
5
667
546
758
647
568
4
230
39
29
130
4
493
494
484
293
3
940
950
850
5
559
558
460
358
579
