400
760
15
1433225
1 21 13565
1 2 12194
2 22 13237
2 3 16467
3 23 15642
3 4 15357
4 24 12324
4 5 17267
5 25 15965
5 6 17593
6 26 17326
6 7 14899
7 27 11369
7 8 16388
8 28 18259
8 9 14497
9 29 13070
9 10 14331
10 30 11529
10 11 16605
11 31 19831
11 12 10752
12 32 15541
12 13 12455
13 33 11745
13 14 12031
14 34 17187
14 15 12736
15 35 12421
15 16 18934
16 36 19250
16 17 17328
17 37 12901
17 18 11098
18 38 14473
18 19 14830
19 39 10684
19 20 14773
20 40 16081
40 60 12219
40 39 14892
39 59 13615
39 38 14325
38 58 14778
38 37 12122
37 57 17310
37 36 19043
36 56 10189
36 35 19666
35 55 12255
35 34 10189
34 54 19770
34 33 15107
33 53 17713
33 32 18158
32 52 11954
32 31 17988
31 51 17079
31 30 11155
30 50 15801
30 29 12959
29 49 17534
29 28 11412
28 48 19595
28 27 10577
27 47 18548
27 26 12531
26 46 12051
26 25 17582
25 45 13571
25 24 11101
24 44 15105
24 23 11128
23 43 15692
23 22 15615
22 42 14703
22 21 18033
21 41 17844
41 61 17421
41 42 11909
42 62 13983
42 43 15024
43 63 18681
43 44 10230
44 64 10568
44 45 18958
45 65 10510
45 46 19263
46 66 12710
46 47 18033
47 67 19743
47 48 14697
48 68 13261
48 49 16451
49 69 16382
49 50 15479
50 70 15475
50 51 10693
51 71 12660
51 52 14247
52 72 16055
52 53 10608
53 73 18378
53 54 12614
54 74 19212
54 55 15862
55 75 13760
55 56 19510
56 76 12997
56 57 10406
57 77 14995
57 58 18219
58 78 12505
58 59 12007
59 79 17943
59 60 16109
60 80 17585
80 100 19909
80 79 16218
79 99 11342
79 78 12136
78 98 12544
78 77 10117
77 97 12560
77 76 17810
76 96 13979
76 75 18026
75 95 12484
75 74 16722
74 94 14922
74 73 13507
73 93 16210
73 72 10881
72 92 19964
72 71 16727
71 91 13884
71 70 10432
70 90 12063
70 69 10901
69 89 13974
69 68 15556
68 88 16239
68 67 19082
67 87 11859
67 66 12091
66 86 14376
66 65 12270
65 85 14064
65 64 17623
64 84 17509
64 63 13072
63 83 19752
63 62 18252
62 82 16775
62 61 18343
61 81 17512
81 101 18633
81 82 10454
82 102 15827
82 83 17258
83 103 19747
83 84 16316
84 104 18376
84 85 13350
85 105 14616
85 86 15776
86 106 18550
86 87 19696
87 107 11220
87 88 10992
88 108 16967
88 89 14604
89 109 15202
89 90 18000
90 110 12822
90 91 13810
91 111 15704
91 92 11007
92 112 18301
92 93 14204
93 113 18017
93 94 16219
94 114 19453
94 95 14966
95 115 11583
95 96 10586
96 116 10703
96 97 10438
97 117 12720
97 98 15371
98 118 18719
98 99 13447
99 119 14526
99 100 19141
100 120 14553
120 140 13921
120 119 10741
119 139 14872
119 118 12484
118 138 12802
118 117 17545
117 137 16974
117 116 18286
116 136 15188
116 115 15689
115 135 19839
115 114 12111
114 134 14634
114 113 12110
113 133 16069
113 112 17720
112 132 13893
112 111 16107
111 131 10710
111 110 11035
110 130 19051
110 109 16902
109 129 19784
109 108 17321
108 128 14719
108 107 14791
107 127 13287
107 106 17245
106 126 12471
106 105 16182
105 125 19346
105 104 13498
104 124 18378
104 103 18796
103 123 13520
103 102 17028
102 122 13952
102 101 11478
101 121 12991
121 141 13916
121 122 13065
122 142 10535
122 123 17735
123 143 12267
123 124 18478
124 144 15663
124 125 13272
125 145 17162
125 126 13841
126 146 14583
126 127 11932
127 147 12014
127 128 17042
128 148 15940
128 129 11088
129 149 16217
129 130 17167
130 150 14441
130 131 15390
131 151 13231
131 132 11942
132 152 15188
132 133 16255
133 153 19433
133 134 11919
134 154 16599
134 135 16598
135 155 15275
135 136 15554
136 156 11076
136 137 10225
137 157 18796
137 138 11740
138 158 15119
138 139 10951
139 159 14883
139 140 18270
140 160 15287
160 180 14112
160 159 19852
159 179 11608
159 158 14929
158 178 19069
158 157 15129
157 177 16015
157 156 11456
156 176 16163
156 155 19219
155 175 11563
155 154 12153
154 174 14417
154 153 11231
153 173 11406
153 152 16112
152 172 17794
152 151 17667
151 171 16137
151 150 15874
150 170 15330
150 149 13937
149 169 19121
149 148 14819
148 168 11332
148 147 19137
147 167 19145
147 146 15187
146 166 14080
146 145 10367
145 165 18677
145 144 16962
144 164 19817
144 143 16913
143 163 14486
143 142 16091
142 162 12436
142 141 17147
141 161 17119
161 181 17750
161 162 10072
162 182 11731
162 163 11522
163 183 19979
163 164 15316
164 184 10191
164 165 17860
165 185 13743
165 166 15637
166 186 10725
166 167 15759
167 187 12446
167 168 10526
168 188 18693
168 169 14179
169 189 19962
169 170 13363
170 190 17726
170 171 15616
171 191 15694
171 172 15414
172 192 14314
172 173 10002
173 193 16427
173 174 13409
174 194 11736
174 175 14096
175 195 16445
175 176 13247
176 196 14686
176 177 11495
177 197 10293
177 178 16827
178 198 14215
178 179 11158
179 199 15497
179 180 18208
180 200 18508
200 220 10202
200 199 14740
199 219 19088
199 198 10942
198 218 10323
198 197 12094
197 217 19122
197 196 19298
196 216 13310
196 195 15440
195 215 17774
195 194 18032
194 214 10172
194 193 10876
193 213 12912
193 192 12363
192 212 17315
192 191 15153
191 211 14747
191 190 14503
190 210 13630
190 189 15684
189 209 13349
189 188 18339
188 208 12819
188 187 14951
187 207 12541
187 186 12806
186 206 19982
186 185 10372
185 205 15339
185 184 19156
184 204 19253
184 183 17589
183 203 16813
183 182 16880
182 202 13555
182 181 19080
181 201 16998
201 221 10400
201 202 16743
202 222 10866
202 203 12244
203 223 19593
203 204 12707
204 224 12150
204 205 19930
205 225 11740
205 206 15883
206 226 16491
206 207 16099
207 227 13628
207 208 12897
208 228 14692
208 209 13732
209 229 18010
209 210 18905
210 230 13179
210 211 15796
211 231 14089
211 212 13192
212 232 19877
212 213 11703
213 233 15034
213 214 19503
214 234 13960
214 215 19934
215 235 18922
215 216 10939
216 236 17469
216 217 15398
217 237 19165
217 218 10850
218 238 11294
218 219 19403
219 239 18339
219 220 16586
220 240 10105
240 260 18409
240 239 18921
239 259 19381
239 238 18174
238 258 19659
238 237 10455
237 257 10295
237 236 15798
236 256 14072
236 235 13116
235 255 15170
235 234 19561
234 254 12893
234 233 12540
233 253 18645
233 232 14333
232 252 12672
232 231 10845
231 251 12145
231 230 12845
230 250 11363
230 229 15504
229 249 19216
229 228 15013
228 248 11138
228 227 13961
227 247 13039
227 226 12784
226 246 16492
226 225 17464
225 245 10000
225 224 15189
224 244 14754
224 223 14621
223 243 17146
223 222 14458
222 242 14144
222 221 19333
221 241 14989
241 261 15677
241 242 13583
242 262 15820
242 243 13224
243 263 16564
243 244 14341
244 264 14133
244 245 18609
245 265 15601
245 246 15000
246 266 13261
246 247 13828
247 267 11591
247 248 10386
248 268 13104
248 249 19772
249 269 16149
249 250 13925
250 270 12786
250 251 11034
251 271 14941
251 252 10663
252 272 16813
252 253 12454
253 273 10674
253 254 19515
254 274 18757
254 255 14228
255 275 14075
255 256 16122
256 276 14534
256 257 16865
257 277 14047
257 258 15363
258 278 19170
258 259 17766
259 279 16816
259 260 12750
260 280 13540
280 300 19764
280 279 17740
279 299 19272
279 278 19339
278 298 11194
278 277 17458
277 297 15940
277 276 15378
276 296 10943
276 275 13802
275 295 19439
275 274 19486
274 294 10112
274 273 12105
273 293 13022
273 272 15749
272 292 19050
272 271 12145
271 291 12904
271 270 17001
270 290 13751
270 269 18353
269 289 16558
269 268 13588
268 288 10815
268 267 10118
267 287 12506
267 266 12562
266 286 16846
266 265 16667
265 285 18009
265 264 17918
264 284 16134
264 263 11057
263 283 16444
263 262 12418
262 282 12477
262 261 14028
261 281 10843
281 301 12839
281 282 17991
282 302 19579
282 283 14804
283 303 19008
283 284 13608
284 304 14503
284 285 10258
285 305 16007
285 286 14068
286 306 14603
286 287 11418
287 307 14675
287 288 18659
288 308 12120
288 289 17382
289 309 12568
289 290 19225
290 310 17322
290 291 17012
291 311 16970
291 292 14678
292 312 12511
292 293 19750
293 313 11202
293 294 18312
294 314 13644
294 295 16926
295 315 11958
295 296 16137
296 316 19396
296 297 13456
297 317 17133
297 298 15011
298 318 15348
298 299 11152
299 319 12596
299 300 17301
300 320 19117
320 340 17088
320 319 12829
319 339 15781
319 318 19787
318 338 13709
318 317 10880
317 337 14760
317 316 18047
316 336 10203
316 315 17554
315 335 10529
315 314 18846
314 334 13295
314 313 18419
313 333 13321
313 312 15120
312 332 16942
312 311 10659
311 331 16873
311 310 17623
310 330 11473
310 309 17615
309 329 10507
309 308 15484
308 328 14464
308 307 15448
307 327 14788
307 306 15626
306 326 14694
306 305 16978
305 325 13694
305 304 16747
304 324 13796
304 303 15361
303 323 11964
303 302 14506
302 322 10973
302 301 16277
301 321 16782
321 341 12903
321 322 15593
322 342 14612
322 323 17314
323 343 19357
323 324 11133
324 344 17362
324 325 17011
325 345 12777
325 326 18532
326 346 11061
326 327 15736
327 347 10025
327 328 12271
328 348 13955
328 329 16247
329 349 18093
329 330 16478
330 350 19961
330 331 11572
331 351 14232
331 332 17044
332 352 13585
332 333 16448
333 353 12213
333 334 14836
334 354 12085
334 335 15318
335 355 14540
335 336 14079
336 356 19979
336 337 16668
337 357 15872
337 338 11535
338 358 10106
338 339 19603
339 359 18157
339 340 14947
340 360 13883
360 380 17575
360 359 12037
359 379 14138
359 358 17728
358 378 18699
358 357 15735
357 377 18534
357 356 14515
356 376 11415
356 355 15264
355 375 16363
355 354 14014
354 374 13106
354 353 13531
353 373 14023
353 352 18647
352 372 10141
352 351 16222
351 371 13282
351 350 16660
350 370 11752
350 349 13346
349 369 11156
349 348 10190
348 368 11412
348 347 14037
347 367 19025
347 346 19146
346 366 16982
346 345 17356
345 365 18955
345 344 15605
344 364 19105
344 343 14565
343 363 15836
343 342 13963
342 362 12887
342 341 15131
341 361 19851
361 381 12328
361 362 15751
362 382 11874
362 363 10054
363 383 15427
363 364 14596
364 384 12765
364 365 12390
365 385 15460
365 366 18495
366 386 18204
366 367 13664
367 387 19184
367 368 18522
368 388 19997
368 369 19146
369 389 19186
369 370 12118
370 390 19965
370 371 10695
371 391 15334
371 372 16381
372 392 11443
372 373 15488
373 393 19310
373 374 16938
374 394 12794
374 375 15527
375 395 13323
375 376 10011
376 396 18345
376 377 19017
377 397 18735
377 378 13112
378 398 11877
378 379 15267
379 399 11000
379 380 12106
380 400 13891
400 399 10748
399 398 14009
398 397 12868
397 396 16862
396 395 17621
395 394 12496
394 393 17095
393 392 11338
392 391 18287
391 390 17536
390 389 10958
389 388 16301
388 387 19393
387 386 11721
386 385 14726
385 384 11084
384 383 16180
383 382 14119
382 381 16861
4
184
162
203
146
5
307
310
371
306
245
4
102
103
85
22
5
33
55
113
150
34
4
228
208
249
246
5
114
112
115
74
16
5
178
236
196
217
134
4
180
137
220
97
5
338
395
337
336
376
5
29
69
24
50
7
3
176
77
117
5
219
237
238
139
158
4
177
57
118
136
4
187
108
126
105
4
300
378
320
339
