50
54
7
2874
1 50 186
1 34 199
34 36 186
34 16 114
34 37 154
34 13 173
34 15 157
34 19 178
19 27 200
27 14 144
27 20 116
27 47 158
27 16 119
27 21 144
27 46 187
27 45 128
45 39 184
45 44 156
45 11 122
39 33 111
39 8 176
33 41 182
41 31 144
41 50 174
41 43 177
50 49 146
50 40 186
40 20 119
40 5 182
20 30 141
30 42 155
49 23 151
49 4 146
46 48 149
48 25 131
48 24 160
48 17 113
24 6 188
25 9 177
9 10 157
9 38 131
10 47 122
47 32 158
32 29 193
32 12 119
32 7 146
32 28 125
28 22 147
28 12 127
21 18 147
21 35 121
18 26 146
14 3 168
13 2 176
2
30
28
4
43
39
5
15
4
11
38
35
14
3
21
47
8
2
25
29
3
4
1
50
3
42
2
13
