200
199
38
409
1 2 4
2 3 4
3 4 5
4 5 4
5 6 5
6 7 6
7 8 3
8 9 4
9 10 3
10 11 5
11 12 3
12 13 6
13 14 4
14 15 4
15 16 5
16 17 3
17 18 5
18 19 6
19 20 5
20 21 5
21 22 5
22 23 4
23 24 4
24 25 6
25 26 5
26 27 6
27 28 3
28 29 6
29 30 4
30 31 3
31 32 6
32 33 5
33 34 4
34 35 4
35 36 6
36 37 4
37 38 3
38 39 3
39 40 4
40 41 4
41 42 6
42 43 5
43 44 4
44 45 5
45 46 4
46 47 4
47 48 5
48 49 4
49 50 6
50 51 6
51 52 6
52 53 6
53 54 6
54 55 4
55 56 5
56 57 3
57 58 6
58 59 4
59 60 4
60 61 4
61 62 6
62 63 5
63 64 4
64 65 4
65 66 4
66 67 4
67 68 3
68 69 5
69 70 5
70 71 3
71 72 6
72 73 5
73 74 4
74 75 5
75 76 6
76 77 3
77 78 3
78 79 4
79 80 5
80 81 5
81 82 4
82 83 4
83 84 4
84 85 4
85 86 4
86 87 5
87 88 3
88 89 4
89 90 5
90 91 5
91 92 5
92 93 6
93 94 4
94 95 5
95 96 4
96 97 4
97 98 3
98 99 4
99 100 5
100 101 6
101 102 5
102 103 3
103 104 5
104 105 6
105 106 5
106 107 4
107 108 5
108 109 6
109 110 5
110 111 3
111 112 5
112 113 5
113 114 5
114 115 6
115 116 4
116 117 5
117 118 4
118 119 3
119 120 5
120 121 5
121 122 6
122 123 3
123 124 5
124 125 3
125 126 6
126 127 5
127 128 3
128 129 5
129 130 6
130 131 3
131 132 3
132 133 4
133 134 3
134 135 4
135 136 6
136 137 5
137 138 5
138 139 6
139 140 3
140 141 6
141 142 5
142 143 3
143 144 5
144 145 5
145 146 6
146 147 4
147 148 6
148 149 5
149 150 4
150 151 4
151 152 4
152 153 4
153 154 5
154 155 6
155 156 4
156 157 3
157 158 6
158 159 4
159 160 3
160 161 3
161 162 3
162 163 3
163 164 4
164 165 3
165 166 6
166 167 4
167 168 5
168 169 6
169 170 4
170 171 4
171 172 5
172 173 4
173 174 6
174 175 3
175 176 3
176 177 5
177 178 5
178 179 6
179 180 5
180 181 3
181 182 6
182 183 4
183 184 3
184 185 3
185 186 4
186 187 4
187 188 4
188 189 5
189 190 4
190 191 3
191 192 5
192 193 5
193 194 6
194 195 5
195 196 5
196 197 4
197 198 3
198 199 4
199 200 6
2
44
45
2
107
100
2
137
136
2
71
70
2
144
149
2
171
169
2
14
10
2
101
104
2
126
131
2
40
33
2
103
102
2
46
43
2
15
18
2
19
16
2
41
47
2
109
105
2
183
178
2
147
152
2
84
81
2
143
148
2
60
59
2
162
163
2
189
181
2
24
29
2
9
1
2
199
195
2
158
157
2
91
96
2
57
53
2
61
58
2
92
97
2
182
186
2
23
31
2
119
115
2
30
32
2
114
120
2
39
34
2
194
197
